90 0.014324693042291952 0.033680081855388816 0.06480218281036836 0.033680081855388816 0.06480218281036836 0.13741473396998638 0.014324693042291952 0.13741473396998638
22 0.24079126875852663 0.0282912687585266 0.29536152796725784 0.0282912687585266 0.29536152796725784 0.14010914051841752 0.24079126875852663 0.14010914051841752
91 0.4113233287858117 0.4597714870395634 0.4597544338335608 0.4597714870395634 0.4597544338335608 0.5446452933151431 0.4113233287858117 0.5446452933151431
91 0.58731241473397 0.46111869031377906 0.6336971350613916 0.46111869031377906 0.6336971350613916 0.5500341064120055 0.58731241473397 0.5500341064120055
40 0.3035470668485676 0.8625852660300136 0.3506139154160983 0.8625852660300136 0.3506139154160983 0.9528478854024556 0.3035470668485676 0.9528478854024556
40 0.6909959072305594 0.8652796725784448 0.738744884038199 0.8652796725784448 0.738744884038199 0.9528478854024556 0.6909959072305594 0.9528478854024556
48 0.2421555252387449 0.3745225102319236 0.2926330150068213 0.3745225102319236 0.2926330150068213 0.46882673942701236 0.2421555252387449 0.46882673942701236
48 0.7496589358799457 0.3772169167803546 0.7967257844474764 0.3772169167803546 0.7967257844474764 0.46478512960436563 0.7496589358799457 0.46478512960436563
45 0.18417462482946795 0.45303547066848565 0.2353342428376535 0.45303547066848565 0.2353342428376535 0.5500341064120055 0.18417462482946795 0.5500341064120055
45 0.3042291950886767 0.4557298772169168 0.3519781718963165 0.4557298772169168 0.3519781718963165 0.54868690313779 0.3042291950886767 0.54868690313779
45 0.688949522510232 0.46246589358799445 0.7360163710777626 0.46246589358799445 0.7360163710777626 0.551381309686221 0.688949522510232 0.551381309686221
45 0.8028649386084584 0.4530354706684857 0.8574351978171895 0.4530354706684857 0.8574351978171895 0.5567701227830832 0.8028649386084584 0.5567701227830832
47 0.1855388813096862 0.5823669849931786 0.23396998635743524 0.5823669849931786 0.23396998635743524 0.6766712141882674 0.1855388813096862 0.6766712141882674
47 0.3042291950886767 0.587755798090041 0.35129604365620737 0.587755798090041 0.35129604365620737 0.6820600272851295 0.3042291950886767 0.6820600272851295
47 0.6882673942701228 0.5891030013642565 0.7373806275579811 0.5891030013642565 0.7373806275579811 0.6834072305593452 0.6882673942701228 0.6834072305593452
47 0.8049113233287859 0.587755798090041 0.8533424283765347 0.587755798090041 0.8533424283765347 0.6847544338335606 0.8049113233287859 0.6847544338335606
9 0.6882673942701228 0.7211289222373806 0.7373806275579811 0.7211289222373806 0.7373806275579811 0.8100443383356071 0.6882673942701228 0.8100443383356071
9 0.8035470668485675 0.7184345156889494 0.8553888130968623 0.7184345156889494 0.8553888130968623 0.8181275579809004 0.8035470668485675 0.8181275579809004
9 0.3028649386084584 0.7143929058663028 0.35129604365620737 0.7143929058663028 0.35129604365620737 0.8127387448840381 0.3028649386084584 0.8127387448840381
9 0.1848567530695771 0.7130457025920872 0.23192360163710782 0.7130457025920872 0.23192360163710782 0.8140859481582539 0.1848567530695771 0.8140859481582539
