48 0.24211423699914747 0.5287940742555809 0.28559249786871266 0.5287940742555809 0.28559249786871266 0.6151278006646553 0.24211423699914747 0.6151278006646553
91 0.19352088661551575 0.3453349056362977 0.24126172208013638 0.3453349056362977 0.24126172208013638 0.45171038996176444 0.19352088661551575 0.45171038996176444
113 0.24040920716112532 0.2127509686509334 0.2855924978687127 0.2127509686509334 0.2855924978687127 0.2975430213741315 0.24040920716112532 0.2975430213741315
41 0.33930093776641085 0.3545849477515557 0.39045183290707586 0.3545849477515557 0.39045183290707586 0.4424603478465064 0.33930093776641085 0.4424603478465064
41 0.4936061381074169 0.35150160037980305 0.5439045183290707 0.35150160037980305 0.5439045183290707 0.4424603478465065 0.4936061381074169 0.4424603478465065
41 0.5950554134697357 0.35150160037980305 0.6436487638533674 0.35150160037980305 0.6436487638533674 0.43937700047475375 0.5950554134697357 0.43937700047475375
41 0.6879795396419436 0.3499599266939267 0.7374254049445864 0.3499599266939267 0.7374254049445864 0.44091867416063013 0.6879795396419436 0.44091867416063013
41 0.7843137254901962 0.3437932319504214 0.835464620630861 0.3437932319504214 0.835464620630861 0.4440020215323827 0.7843137254901962 0.4440020215323827
41 0.33930093776641085 0.6968365060161007 0.3887468030690537 0.6968365060161007 0.3887468030690537 0.7816285587392988 0.33930093776641085 0.7816285587392988
41 0.49104859335038364 0.6922114849584717 0.5464620630861041 0.6922114849584717 0.5464620630861041 0.7816285587392988 0.49104859335038364 0.7816285587392988
41 0.5916453537936914 0.6891281375867192 0.6470588235294118 0.6891281375867192 0.6470588235294118 0.7862535797969278 0.5916453537936914 0.7862535797969278
41 0.6862745098039216 0.6860447902149664 0.7365728900255755 0.6860447902149664 0.7365728900255755 0.7862535797969278 0.6862745098039216 0.7862535797969278
41 0.7834612105711849 0.6891281375867192 0.8346121057118498 0.6891281375867192 0.8346121057118498 0.7831702324251751 0.7834612105711849 0.7831702324251751
