20 0.14467819322601708 0.40808344198174706 0.20742128722709594 0.40808344198174706 0.20742128722709594 0.5149934810951761 0.14467819322601708 0.5149934810951761
26 0.3986031854186185 0.4054758800521513 0.4628225875138403 0.4054758800521513 0.4628225875138403 0.516297262059974 0.3986031854186185 0.516297262059974
26 0.6082389347869289 0.4054758800521513 0.6724583368821508 0.4054758800521513 0.6724583368821508 0.5189048239895697 0.6082389347869289 0.5189048239895697
29 0.5085881384322744 0.4067796610169492 0.572807540527496 0.4067796610169492 0.572807540527496 0.5149934810951761 0.5085881384322744 0.5149934810951761
29 0.7108423473298696 0.40938722294654506 0.7721091332368055 0.40938722294654506 0.7721091332368055 0.5189048239895697 0.7108423473298696 0.5189048239895697
28 0.30116685120517844 0.4054758800521513 0.36317179115918585 0.4054758800521513 0.36317179115918585 0.5202086049543677 0.30116685120517844 0.5202086049543677
30 0.25761576242795897 0.23598435462842243 0.3166680861936803 0.23598435462842243 0.3166680861936803 0.34159061277705344 0.25761576242795897 0.34159061277705344
91 0.32921670499389605 0.6597131681877445 0.3912216449479033 0.6597131681877445 0.3912216449479033 0.7757496740547586 0.32921670499389605 0.7757496740547586
33 0.1358203446611589 0.6688396349413298 0.19856343866223775 0.6688396349413298 0.19856343866223775 0.7809647979139503 0.1358203446611589 0.7809647979139503
23 0.140249268943588 0.8500651890482399 0.20225420889759532 0.8500651890482399 0.20225420889759532 0.9595827900912648 0.140249268943588 0.9595827900912648
69 0.679839877352866 0.666232073011734 0.7388922011185871 0.666232073011734 0.7388922011185871 0.7692307692307694 0.679839877352866 0.7692307692307694
97 0.8769270079209607 0.6636245110821382 0.937455639780825 0.6636245110821382 0.937455639780825 0.7731421121251629 0.8769270079209607 0.7731421121251629
46 0.8761888538738893 0.4067796610169492 0.9389319478749681 0.4067796610169492 0.9389319478749681 0.5149934810951761 0.8761888538738893 0.5149934810951761
46 0.8798796241092468 0.11734028683181227 0.941884564063254 0.11734028683181227 0.941884564063254 0.22685788787483704 0.8798796241092468 0.22685788787483704
24 0.6982937285296539 0.011734028683181226 0.7595605144365896 0.011734028683181226 0.7595605144365896 0.12255541069100391 0.6982937285296539 0.12255541069100391
102 0.20077790080345229 0.0469361147327249 0.2635209948045311 0.0469361147327249 0.2635209948045311 0.16166883963494133 0.20077790080345229 0.16166883963494133
