57 0.9279854147675478 0.8580879724707967 0.9626253418413856 0.8580879724707967 0.9626253418413856 0.9172664533308518 0.9279854147675478 0.9172664533308518
96 0.731084776663628 0.859567434492298 0.7629899726526892 0.859567434492298 0.7629899726526892 0.914307529287849 0.731084776663628 0.914307529287849
67 0.6335460346399271 0.862526358535301 0.6663628076572471 0.862526358535301 0.6663628076572471 0.914307529287849 0.6335460346399271 0.914307529287849
24 0.05651777575205105 0.862526358535301 0.08933454876937102 0.862526358535301 0.08933454876937102 0.9157869913093504 0.05651777575205105 0.9157869913093504
8 0.34913400182315407 0.7382515487291854 0.39927073837739296 0.7382515487291854 0.39927073837739296 0.8196219599117609 0.34913400182315407 0.8196219599117609
49 0.2871467639015497 0.6198945870090757 0.3381950774840474 0.6198945870090757 0.3381950774840474 0.7027444602131526 0.2871467639015497 0.7027444602131526
91 0.4412032816773017 0.3521119611173269 0.4886052871467639 0.3521119611173269 0.4886052871467639 0.42904398623539824 0.4412032816773017 0.42904398623539824
55 0.35278030993618953 0.22339876524670743 0.4010938924339107 0.22339876524670743 0.4010938924339107 0.3018102523862803 0.35278030993618953 0.3018102523862803
87 0.2835004557885141 0.3240021827088008 0.3354603463992707 0.3240021827088008 0.3354603463992707 0.4053725938913765 0.2835004557885141 0.4053725938913765
94 0.26071103008204194 0.47342784688043965 0.3099361896080219 0.47342784688043965 0.3099361896080219 0.5518393340200124 0.26071103008204194 0.5518393340200124
81 0.4402917046490428 0.18197382864466896 0.4895168641750228 0.18197382864466896 0.4895168641750228 0.26038531578424184 0.4402917046490428 0.26038531578424184
64 0.5350957155879672 0.22043984120370466 0.585232452142206 0.22043984120370466 0.585232452142206 0.3018102523862802 0.5350957155879672 0.3018102523862802
85 0.5979945305378305 0.6184151249875743 0.6463081130355517 0.6184151249875743 0.6463081130355517 0.6983060741486483 0.5979945305378305 0.6983060741486483
