91 0.6408386508659981 0.16699866076955103 0.6681859617137648 0.16699866076955103 0.6681859617137648 0.23174876486939683 0.6408386508659981 0.23174876486939683
22 0.7146763901549682 0.16800027009689725 0.7438468550592525 0.16800027009689725 0.7438468550592525 0.23275037419674305 0.7146763901549682 0.23275037419674305
1 0.6362807657247036 0.3482505598883599 0.6700091157702824 0.3482505598883599 0.6700091157702824 0.4235006808692618 0.6362807657247036 0.4235006808692618
2 0.6371923427529625 0.5670009115770283 0.6690975387420237 0.5670009115770283 0.6690975387420237 0.6300010128633646 0.6371923427529625 0.6300010128633646
69 0.3272561531449403 0.2247487536153595 0.3609845031905191 0.2247487536153595 0.3609845031905191 0.28774885490169594 0.3272561531449403 0.28774885490169594
69 0.4284412032816773 0.5659993022496821 0.4621695533272561 0.5659993022496821 0.4621695533272561 0.6289994035360185 0.4284412032816773 0.6289994035360185
69 0.4275296262534184 0.7549996061086914 0.4612579762989972 0.7549996061086914 0.4612579762989972 0.8179997073950278 0.4275296262534184 0.8179997073950278
69 0.6362807657247035 0.7479995948546541 0.6700091157702823 0.7479995948546541 0.6700091157702823 0.8109996961409904 0.6362807657247035 0.8109996961409904
69 0.32634457611668144 0.7042495245169205 0.3600729261622603 0.7042495245169205 0.3600729261622603 0.7672496258032568 0.32634457611668144 0.7672496258032568
40 0.5478577939835915 0.5659993022496821 0.5797629899726526 0.5659993022496821 0.5797629899726526 0.6289994035360185 0.5478577939835915 0.6289994035360185
85 0.5451230628988148 0.3500005627018693 0.5806745670009115 0.3500005627018693 0.5806745670009115 0.42175067805575245 0.5451230628988148 0.42175067805575245
