22 0.15874607791165804 0.5410691003911342 0.24605642076306994 0.5410691003911342 0.24605642076306994 0.5997392438070405 0.15874607791165804 0.5997392438070405
22 0.3016175480321504 0.5384615384615384 0.39289654283135383 0.5384615384615384 0.39289654283135383 0.5997392438070405 0.3016175480321504 0.5997392438070405
2 0.4524263220482256 0.4823989569752282 0.5377523389257418 0.4823989569752282 0.5377523389257418 0.5423728813559322 0.4524263220482256 0.5423728813559322
91 0.7540438700803761 0.25554106910039104 0.8453228648795794 0.25554106910039104 0.8453228648795794 0.318122555410691 0.7540438700803761 0.318122555410691
91 0.4524263220482256 0.5945241199478487 0.5437053168474288 0.5945241199478487 0.5437053168474288 0.6571056062581486 0.4524263220482256 0.6571056062581486
40 0.7540438700803761 0.3650586701434159 0.8473071908534753 0.3650586701434159 0.8473071908534753 0.4289439374185137 0.7540438700803761 0.4289439374185137
40 0.7520595441064803 0.1408083441981747 0.8453228648795795 0.1408083441981747 0.8453228648795795 0.20469361147327253 0.7520595441064803 0.20469361147327253
69 0.5992664441165093 0.7092568448500652 0.6945140908635042 0.7092568448500652 0.6945140908635042 0.7679269882659714 0.5992664441165093 0.7679269882659714
69 0.5992664441165093 0.14602346805736635 0.6945140908635042 0.14602346805736635 0.6945140908635042 0.20469361147327253 0.5992664441165093 0.20469361147327253
69 0.5952977921687179 0.25684485006518903 0.6905454389157129 0.25684485006518903 0.6905454389157129 0.3155149934810952 0.5952977921687179 0.3155149934810952
69 0.5992664441165093 0.37027379400260757 0.6945140908635042 0.37027379400260757 0.6945140908635042 0.4289439374185137 0.5992664441165093 0.4289439374185137
69 0.5972821181426136 0.4823989569752282 0.6925297648896085 0.4823989569752282 0.6925297648896085 0.5410691003911343 0.5972821181426136 0.5410691003911343
69 0.5972821181426136 0.5932203389830508 0.6925297648896085 0.5932203389830508 0.6925297648896085 0.651890482398957 0.5972821181426136 0.651890482398957
24 0.7540438700803761 0.48370273794002605 0.8453228648795795 0.48370273794002605 0.8453228648795795 0.5423728813559321 0.7540438700803761 0.5423728813559321
85 0.7540438700803761 0.5971316818774446 0.8433385389056837 0.5971316818774446 0.8433385389056837 0.6544980443285529 0.7540438700803761 0.6544980443285529
102 0.7540438700803761 0.7105606258148631 0.8453228648795795 0.7105606258148631 0.8453228648795795 0.7692307692307693 0.7540438700803761 0.7692307692307693
57 0.5972821181426136 0.820078226857888 0.6905454389157127 0.820078226857888 0.6905454389157127 0.8852672750977836 0.5972821181426136 0.8852672750977836
