46 0.09959072305593451 0.09868477148703957 0.1364256480218281 0.09868477148703957 0.1364256480218281 0.21836630286493863 0.09959072305593451 0.21836630286493863
46 0.213506139154161 0.0965850954979536 0.25102319236016374 0.0965850954979536 0.25102319236016374 0.21626662687585269 0.213506139154161 0.21626662687585269
46 0.32742155525238753 0.0965850954979536 0.3649386084583902 0.0965850954979536 0.3649386084583902 0.22046597885402458 0.32742155525238753 0.22046597885402458
46 0.4508867667121419 0.0965850954979536 0.4897680763983629 0.0965850954979536 0.4897680763983629 0.21836630286493863 0.4508867667121419 0.21836630286493863
40 0.10027285129604366 0.3464465381991814 0.13506139154160982 0.3464465381991814 0.13506139154160982 0.4619287175989086 0.10027285129604366 0.4619287175989086
92 0.09686221009549795 0.5627131650750341 0.13778990450204637 0.5627131650750341 0.13778990450204637 0.6802950204638472 0.09686221009549795 0.6802950204638472
91 0.09686221009549795 0.7537836800818554 0.13506139154160982 0.7537836800818554 0.13506139154160982 0.8713655354706684 0.09686221009549795 0.8713655354706684
91 0.21009549795361532 0.7474846521145975 0.24897680763983632 0.7474846521145975 0.24897680763983632 0.8692658594815825 0.21009549795361532 0.8692658594815825
91 0.32742155525238753 0.7474846521145975 0.36630286493860853 0.7474846521145975 0.36630286493860853 0.8692658594815825 0.32742155525238753 0.8692658594815825
91 0.4433833560709413 0.7474846521145975 0.48294679399727153 0.7474846521145975 0.48294679399727153 0.8671661834924966 0.4433833560709413 0.8671661834924966
91 0.5613915416098226 0.7558833560709413 0.5982264665757163 0.7558833560709413 0.5982264665757163 0.8650665075034107 0.5613915416098226 0.8650665075034107
91 0.6753069577080492 0.7516840040927694 0.7169167803547067 0.7516840040927694 0.7169167803547067 0.8671661834924965 0.6753069577080492 0.8671661834924965
91 0.7926330150068214 0.7432853001364257 0.8335607094133697 0.7432853001364257 0.8335607094133697 0.8650665075034107 0.7926330150068214 0.8650665075034107
91 0.9058663028649385 0.7495843281036835 0.9447476125511597 0.7495843281036835 0.9447476125511597 0.8671661834924965 0.9058663028649385 0.8671661834924965
