40 0.22881355932203387 0.10169491525423721 0.2676825293350717 0.10169491525423721 0.2676825293350717 0.17079530638852655 0.22881355932203387 0.17079530638852655
31 0.2258800521512386 0.23989569752281617 0.26548239895697523 0.23989569752281617 0.26548239895697523 0.31290743155149936 0.2258800521512386 0.31290743155149936
78 0.6783735332464147 0.42242503259452413 0.7165091264667537 0.42242503259452413 0.7165091264667537 0.48891786179921776 0.6783735332464147 0.48891786179921776
81 0.6783735332464147 0.5554106910039114 0.7157757496740549 0.5554106910039114 0.7157757496740549 0.6245110821382008 0.6783735332464147 0.6245110821382008
95 0.3732887874837027 0.7327249022164275 0.41142438070404175 0.7327249022164275 0.41142438070404175 0.8044328552803129 0.3732887874837027 0.8044328552803129
1 0.13934159061277704 0.7405475880052151 0.17747718383311603 0.7405475880052151 0.17747718383311603 0.803129074315515 0.13934159061277704 0.803129074315515
22 0.1261408083441982 0.439374185136897 0.16354302477183832 0.439374185136897 0.16354302477183832 0.5058670143415906 0.1261408083441982 0.5058670143415906
91 0.2266134289439374 0.44198174706649285 0.26548239895697523 0.44198174706649285 0.26548239895697523 0.5071707953063885 0.2266134289439374 0.5071707953063885
91 0.2449478487614081 0.7379400260756193 0.2830834419817471 0.7379400260756193 0.2830834419817471 0.8031290743155151 0.2449478487614081 0.8031290743155151
91 0.7106421121251629 0.11994784876140809 0.7480443285528032 0.11994784876140809 0.7480443285528032 0.1864406779661017 0.7106421121251629 0.1864406779661017
91 0.8991199478487615 0.11864406779661017 0.9387222946544981 0.11864406779661017 0.9387222946544981 0.1877444589308996 0.8991199478487615 0.1877444589308996
91 0.8507170795306389 0.4928292046936114 0.8859191655801825 0.4928292046936114 0.8859191655801825 0.5554106910039114 0.8507170795306389 0.5554106910039114
115 0.29848435462842243 0.439374185136897 0.33808670143415903 0.439374185136897 0.33808670143415903 0.5071707953063885 0.29848435462842243 0.5071707953063885
7 0.3732887874837027 0.438070404172099 0.41215775749674055 0.438070404172099 0.41215775749674055 0.5058670143415905 0.3732887874837027 0.5058670143415905
33 0.3740221642764016 0.8657105606258149 0.41069100391134294 0.8657105606258149 0.41069100391134294 0.9295958279009124 0.3740221642764016 0.9295958279009124
69 0.3732887874837027 0.1029986962190352 0.41362451108213816 0.1029986962190352 0.41362451108213816 0.17209908735332463 0.3732887874837027 0.17209908735332463
69 0.5206975228161669 0.11473272490221642 0.5602998696219036 0.11473272490221642 0.5602998696219036 0.18513689700130376 0.5206975228161669 0.18513689700130376
69 0.5705671447196872 0.4198174706649283 0.6138363754889179 0.4198174706649283 0.6138363754889179 0.4954367666232073 0.5705671447196872 0.4954367666232073
69 0.571300521512386 0.5449804432855281 0.6131029986962191 0.5449804432855281 0.6131029986962191 0.6271186440677966 0.571300521512386 0.6271186440677966
8 0.6131029986962189 0.11734028683181227 0.6527053455019558 0.11734028683181227 0.6527053455019558 0.18904823989569758 0.6131029986962189 0.18904823989569758
26 0.8492503259452413 0.6753585397653193 0.8873859191655804 0.6753585397653193 0.8873859191655804 0.7470664928292046 0.8492503259452413 0.7470664928292046
51 0.5514993481095176 0.820078226857888 0.588168187744459 0.820078226857888 0.588168187744459 0.8904823989569753 0.5514993481095176 0.8904823989569753
43 0.6241036505867015 0.757496740547588 0.6637059973924383 0.757496740547588 0.6637059973924383 0.8226857887874838 0.6241036505867015 0.8226857887874838
42 0.6967079530638852 0.8226857887874837 0.7348435462842243 0.8226857887874837 0.7348435462842243 0.8904823989569752 0.6967079530638852 0.8904823989569752
113 0.499429595827901 0.2777053455019557 0.5221642764015646 0.2777053455019557 0.5221642764015646 0.31681877444589307 0.499429595827901 0.31681877444589307
