102 0.29626253418413856 0.014380957487826489 0.3546034639927073 0.014380957487826489 0.3546034639927073 0.09805198287154425 0.29626253418413856 0.09805198287154425
91 0.2561531449407475 0.8288660952074539 0.3226982680036463 0.8288660952074539 0.3226982680036463 0.9216886389925159 0.2561531449407475 0.9216886389925159
69 0.6107566089334548 0.8262513756642129 0.675478577939836 0.8262513756642129 0.675478577939836 0.9203812792208953 0.6107566089334548 0.9203812792208953
97 0.9006381039197813 0.8262513756642129 0.9644484958979034 0.8262513756642129 0.9644484958979034 0.9190739194492747 0.9006381039197813 0.9190739194492747
23 0.03190519598906107 0.8118704181763863 0.07748404740200548 0.8118704181763863 0.07748404740200548 0.8759310469857952 0.03190519598906107 0.8759310469857952
26 0.7292616226071102 0.3163810647321827 0.7948951686417502 0.3163810647321827 0.7948951686417502 0.40658888897400347 0.7292616226071102 0.40658888897400347
26 0.3682771194165907 0.31638106473218275 0.4339106654512307 0.31638106473218275 0.4339106654512307 0.40658888897400347 0.3682771194165907 0.40658888897400347
26 0.4621695533272562 0.3137663451889416 0.5278030993618962 0.3137663451889416 0.5278030993618962 0.40397416943076225 0.4621695533272562 0.40397416943076225
26 0.5496809480401094 0.31507370496056214 0.6153144940747494 0.31507370496056214 0.6153144940747494 0.40528152920238286 0.5496809480401094 0.40528152920238286
26 0.6362807657247037 0.31507370496056214 0.7019143117593437 0.31507370496056214 0.7019143117593437 0.40528152920238286 0.6362807657247037 0.40528152920238286
28 0.27347310847766637 0.312458985417321 0.33728350045578853 0.312458985417321 0.33728350045578853 0.407896248745624 0.27347310847766637 0.407896248745624
30 0.20054694621695535 0.18041564848364142 0.2643573381950775 0.18041564848364142 0.2643573381950775 0.2732381922687032 0.20054694621695535 0.2732381922687032
45 0.9042844120328166 0.31115162564570037 0.9708295350957155 0.31115162564570037 0.9708295350957155 0.40789624874562397 0.9042844120328166 0.40789624874562397
45 0.8997265268915222 0.12419917830395603 0.966271649954421 0.12419917830395603 0.966271649954421 0.2209438014038797 0.8997265268915222 0.2209438014038797
42 0.90154968094804 0.5856971776860243 0.9680948040109388 0.5856971776860243 0.9680948040109388 0.682441800785948 0.90154968094804 0.682441800785948
24 0.5907019143117593 0.005229439086482359 0.6636280765724702 0.005229439086482359 0.6636280765724702 0.10981822081612955 0.5907019143117593 0.10981822081612955
106 0.6937101185050136 0.00392207931486177 0.7684594348222424 0.00392207931486177 0.7684594348222424 0.10981822081612955 0.6937101185050136 0.10981822081612955
24 0.4585232452142206 0.0026147195432411796 0.5387420237010028 0.0026147195432411796 0.5387420237010028 0.10197406218640599 0.4585232452142206 0.10197406218640599
