2 0.2332653170029517 0.5136897001303781 0.2988711874100319 0.5136897001303781 0.2988711874100319 0.6127770534550195 0.2332653170029517 0.6127770534550195
69 0.3808785254188821 0.5071707953063885 0.4464843958259623 0.5071707953063885 0.4464843958259623 0.6088657105606258 0.3808785254188821 0.6088657105606258
13 0.5776961366401226 0.30247718383311606 0.6423908144026601 0.30247718383311606 0.6423908144026601 0.38983050847457623 0.5776961366401226 0.38983050847457623
13 0.6833944834070852 0.288135593220339 0.7599346655486786 0.288135593220339 0.7599346655486786 0.39765319426336376 0.6833944834070852 0.39765319426336376
43 0.7453555832359942 0.6114732724902217 0.811872646287617 0.6114732724902217 0.811872646287617 0.711864406779661 0.7453555832359942 0.711864406779661
91 0.8692777828938122 0.48500651890482405 0.9348836533008924 0.48500651890482405 0.9348836533008924 0.5814863102998696 0.8692777828938122 0.5814863102998696
91 0.37905614012979655 0.09908735332464146 0.44921797375959055 0.09908735332464146 0.44921797375959055 0.19556714471968706 0.37905614012979655 0.19556714471968706
40 0.5649394396165237 0.0938722294654498 0.6351012732463178 0.0938722294654498 0.6351012732463178 0.1981747066492829 0.5649394396165237 0.1981747066492829
40 0.5658506322610665 0.5149934810951761 0.6360124658908606 0.5149934810951761 0.6360124658908606 0.6114732724902218 0.5658506322610665 0.6114732724902218
8 0.2332653170029517 0.09908735332464146 0.2979599947654891 0.09908735332464146 0.2979599947654891 0.196870925684485 0.2332653170029517 0.196870925684485
