91 0.3910665451230628 0.4394596256174344 0.44484958979033723 0.4394596256174344 0.44484958979033723 0.531078416823896 0.3910665451230628 0.531078416823896
91 0.16681859617137648 0.12267600856458416 0.2206016408386509 0.12267600856458416 0.2206016408386509 0.2142947997710458 0.16681859617137648 0.2142947997710458
22 0.04649042844120328 0.12578173030039644 0.09662716499544212 0.12578173030039644 0.09662716499544212 0.21584766063895186 0.04649042844120328 0.21584766063895186
2 0.03555150410209663 0.4984683385978673 0.0902461257976299 0.4984683385978673 0.0902461257976299 0.591639990672235 0.03555150410209663 0.591639990672235
69 0.512306289881495 0.6335672341057005 0.5660893345487694 0.6335672341057005 0.5660893345487694 0.723633164444256 0.512306289881495 0.723633164444256
69 0.15861440291704648 0.5108912255411163 0.2123974475843209 0.5108912255411163 0.2123974475843209 0.6009571558796718 0.15861440291704648 0.6009571558796718
40 0.3928896991795806 0.6335672341057005 0.446672743846855 0.6335672341057005 0.446672743846855 0.723633164444256 0.3928896991795806 0.723633164444256
103 0.3974475843208751 0.8369920078014034 0.4494074749316317 0.8369920078014034 0.4494074749316317 0.9239522164041467 0.3974475843208751 0.9239522164041467
42 0.9033728350045578 0.5481598863708634 0.9562443026435735 0.5481598863708634 0.9562443026435735 0.6366729558415127 0.9033728350045578 0.6366729558415127
51 0.7155879671832269 0.6304615123698882 0.7684594348222424 0.6304615123698882 0.7684594348222424 0.7251860253121621 0.7155879671832269 0.7251860253121621
113 0.6344576116681859 0.5605827733141124 0.665451230628988 0.5605827733141124 0.665451230628988 0.614932903690827 0.6344576116681859 0.614932903690827
24 0.9033728350045578 0.7298446079158805 0.9562443026435735 0.7298446079158805 0.9562443026435735 0.8199105382544359 0.9033728350045578 0.8199105382544359
