91 0.014886417899600572 0.035202086049543675 0.17332043697392094 0.035202086049543675 0.17332043697392094 0.22946544980443281 0.014886417899600572 0.22946544980443281
91 0.5656838801848219 0.03389830508474576 0.7273078459519138 0.03389830508474576 0.7273078459519138 0.22685788787483704 0.5656838801848219 0.22685788787483704
91 0.8219429311708031 0.03259452411994785 0.983566896937895 0.03259452411994785 0.983566896937895 0.22685788787483702 0.8219429311708031 0.22685788787483702
91 0.012759786771086206 0.7053455019556715 0.1722571214096638 0.7053455019556715 0.1722571214096638 0.8996088657105605 0.012759786771086206 0.8996088657105605
91 0.30198162024904024 0.7027379400260756 0.4593523237591035 0.7027379400260756 0.4593523237591035 0.8970013037809647 0.30198162024904024 0.8970013037809647
91 0.8261961934278319 0.7053455019556715 0.9825035813736378 0.7053455019556715 0.9825035813736378 0.8996088657105605 0.8261961934278319 0.8996088657105605
86 0.5688738268775934 0.32073011734028684 0.728371161516171 0.32073011734028684 0.728371161516171 0.5228161668839635 0.5688738268775934 0.5228161668839635
69 0.014886417899600572 0.3259452411994785 0.17544706810243538 0.3259452411994785 0.17544706810243538 0.5189048239895697 0.014886417899600572 0.5189048239895697
69 0.5678105113133362 0.7053455019556715 0.7273078459519138 0.7053455019556715 0.7273078459519138 0.8996088657105605 0.5678105113133362 0.8996088657105605
51 0.8230062467350604 0.3272490221642764 0.982503581373638 0.3272490221642764 0.982503581373638 0.5202086049543677 0.8230062467350604 0.5202086049543677
