61 0.09630437359250918 0.43807040417209897 0.16137489629015056 0.43807040417209897 0.16137489629015056 0.5384615384615384 0.09630437359250918 0.5384615384615384
40 0.45636126585279135 0.29335071707953064 0.5249022164276401 0.29335071707953064 0.5249022164276401 0.39374185136896994 0.45636126585279135 0.39374185136896994
40 0.4589640867606966 0.8565840938722292 0.52490221642764 0.8565840938722292 0.52490221642764 0.9595827900912648 0.4589640867606966 0.9595827900912648
40 0.4537584449448847 0.5853976531942627 0.5205641815811306 0.5853976531942627 0.5205641815811306 0.6897001303780965 0.4537584449448847 0.6897001303780965
40 0.7287898542135829 0.04823989569752282 0.7938603769112242 0.04823989569752282 0.7938603769112242 0.14993481095176012 0.7287898542135829 0.14993481095176012
66 0.5778262415550551 0.04954367666232073 0.6463671921299039 0.04954367666232073 0.6463671921299039 0.14863102998696215 0.5778262415550551 0.14863102998696215
64 0.45549365888348947 0.04954367666232073 0.5205641815811307 0.04954367666232073 0.5205641815811307 0.14993481095176012 0.45549365888348947 0.14993481095176012
65 0.23251866777290506 0.23468057366362452 0.2993244044091502 0.23468057366362452 0.2993244044091502 0.32985658409387225 0.23251866777290506 0.32985658409387225
91 0.2333862747422069 0.04954367666232073 0.2975891904705464 0.04954367666232073 0.2975891904705464 0.14471968709256847 0.2333862747422069 0.14471968709256847
102 0.9127225317055826 0.45632333767926986 0.977793054403224 0.45632333767926986 0.977793054403224 0.5528031290743155 0.9127225317055826 0.5528031290743155
69 0.6073248785113192 0.45371577574967403 0.6749982221168662 0.45371577574967403 0.6749982221168662 0.5554106910039114 0.6073248785113192 0.5554106910039114
69 0.8103449093279602 0.4524119947848762 0.8788858599028092 0.4524119947848762 0.8788858599028092 0.5567144719687093 0.8103449093279602 0.5567144719687093
69 0.23251866777290506 0.7157757496740548 0.3001920113784521 0.7157757496740548 0.3001920113784521 0.8161668839634941 0.23251866777290506 0.8161668839634941
