95 0.15641138213802033 0.5800604229607252 0.24118804576609693 0.5800604229607252 0.24118804576609693 0.8877157943252024 0.15641138213802033 0.8877157943252024
95 0.0 0.0 0.08477666362807662 0.0 0.08477666362807662 0.3076553713644771 0.0 0.3076553713644771
95 0.3200556605598797 0.5226586102719033 0.40483232418795634 0.5226586102719033 0.40483232418795634 0.8303139816363805 0.3200556605598797 0.8303139816363805
95 -3.3306690738754695e-18 0.5468277945619335 0.08477666362807662 0.5468277945619335 0.08477666362807662 0.8544831659264107 -3.3306690738754695e-18 0.8544831659264107
95 0.7497708338791039 0.5770392749244714 0.8345474975071806 0.5770392749244714 0.8345474975071806 0.8846946462889484 0.7497708338791039 0.8846946462889484
95 0.6003303915586445 0.5770392749244714 0.6851070551867212 0.5770392749244714 0.6851070551867212 0.8846946462889484 0.6003303915586445 0.8846946462889484
95 0.4656176982721415 0.5740181268882175 0.5503943619002181 0.5740181268882175 0.5503943619002181 0.8816734982526947 0.4656176982721415 0.8816734982526947
95 0.7675911181224235 0.018126888217522664 0.8523677817505002 0.018126888217522664 0.8523677817505002 0.3257822595819998 0.7675911181224235 0.3257822595819998
95 0.8968791391960473 -1.1102230246251566e-17 0.981655802824124 -1.1102230246251566e-17 0.981655802824124 0.3076553713644771 0.8968791391960473 0.3076553713644771
95 0.9152233363719233 0.56797583081571 1.0 0.56797583081571 1.0 0.8756312021801872 0.9152233363719233 0.8756312021801872
