91 0.2819593787335723 0.2451150422014106 0.32377538829151736 0.2451150422014106 0.32377538829151736 0.2944463714494932 0.2819593787335723 0.2944463714494932
110 0.2819593787335723 0.4039002582186766 0.32377538829151736 0.4039002582186766 0.32377538829151736 0.45631479554476434 0.2819593787335723 0.45631479554476434
38 0.16726403823178018 0.339152888580568 0.21027479091995224 0.339152888580568 0.21027479091995224 0.39465063398466105 0.16726403823178018 0.39465063398466105
86 0.5072359843546285 0.6023468057366363 0.5516949152542373 0.6023468057366363 0.5516949152542373 0.6571056062581487 0.5072359843546285 0.6571056062581487
86 0.5072359843546285 0.7366362451108216 0.5506844850065189 0.7366362451108216 0.5506844850065189 0.790091264667536 0.5072359843546285 0.790091264667536
67 0.8416883963494134 0.3715775749674057 0.8851368970013037 0.3715775749674057 0.8851368970013037 0.4250325945241202 0.8416883963494134 0.4250325945241202
57 0.8406779661016948 0.25554106910039126 0.8851368970013037 0.25554106910039126 0.8851368970013037 0.3142112125162974 0.8406779661016948 0.3142112125162974
10 0.519361147327249 0.245110821382008 0.5385593220338983 0.245110821382008 0.5385593220338983 0.26857887874837044 0.519361147327249 0.26857887874837044
10 0.5223924380704041 0.47588005215123874 0.5436114732724903 0.47588005215123874 0.5436114732724903 0.503259452411995 0.5223924380704041 0.503259452411995
41 0.41124511082138204 0.23859191655801842 0.4597457627118644 0.23859191655801842 0.4597457627118644 0.30508474576271205 0.41124511082138204 0.30508474576271205
41 0.38194263363754893 0.3076923076923079 0.42842242503259453 0.3076923076923079 0.42842242503259453 0.3754889178617994 0.38194263363754893 0.3754889178617994
41 0.44357887874837026 0.30899608865710576 0.4920795306388527 0.30899608865710576 0.4920795306388527 0.3780964797913952 0.44357887874837026 0.3780964797913952
41 0.4082138200782268 0.4745762711864408 0.4637874837027379 0.4745762711864408 0.4637874837027379 0.5449804432855282 0.4082138200782268 0.5449804432855282
41 0.5911016949152542 0.4745762711864408 0.6436440677966102 0.4745762711864408 0.6436440677966102 0.5449804432855282 0.5911016949152542 0.5449804432855282
41 0.5911016949152542 0.23728813559322048 0.6456649282920469 0.23728813559322048 0.6456649282920469 0.3037809647979141 0.5911016949152542 0.3037809647979141
41 0.5577574967405475 0.30638852672751 0.6143415906127772 0.30638852672751 0.6143415906127772 0.37809647979139516 0.5577574967405475 0.37809647979139516
41 0.6254563233376793 0.30638852672751 0.6729465449804434 0.30638852672751 0.6729465449804434 0.3741851368970014 0.6254563233376793 0.3741851368970014
86 0.40720338983050847 0.5919165580182532 0.46479791395045633 0.5919165580182532 0.46479791395045633 0.6727509778357238 0.40720338983050847 0.6727509778357238
86 0.5890808344198175 0.5932203389830509 0.6416232073011734 0.5932203389830509 0.6416232073011734 0.6701434159061279 0.5890808344198175 0.6701434159061279
86 0.40720338983050847 0.7275097783572361 0.46176662320730116 0.7275097783572361 0.46176662320730116 0.8070404172099089 0.40720338983050847 0.8070404172099089
86 0.5860495436766623 0.7275097783572361 0.6446544980443286 0.7275097783572361 0.6446544980443286 0.8096479791395046 0.5860495436766623 0.8096479791395046
24 0.8406779661016948 0.5801825293350718 0.8841264667535854 0.5801825293350718 0.8841264667535854 0.6349413298565841 0.8406779661016948 0.6349413298565841
23 0.8406779661016948 0.6766623207301176 0.8851368970013037 0.6766623207301176 0.8851368970013037 0.7288135593220342 0.8406779661016948 0.7288135593220342
100 0.16744730679156908 0.4850041550200197 0.21077283372365344 0.4850041550200197 0.21077283372365344 0.5409080607388381 0.16744730679156908 0.5409080607388381
48 0.5093676814988292 0.16468988441489768 0.553864168618267 0.16468988441489768 0.553864168618267 0.21606104102137946 0.5093676814988292 0.21606104102137946
48 0.5105386416861828 0.40341467099796025 0.553864168618267 0.40341467099796025 0.553864168618267 0.45931857671677867 0.5105386416861828 0.45931857671677867
