86 0.3227309562398703 0.7260940032414911 0.35919773095623986 0.7260940032414911 0.35919773095623986 0.7893030794165316 0.3227309562398703 0.7893030794165316
65 0.2124189627228525 0.4554294975688817 0.25070907617504046 0.4554294975688817 0.25070907617504046 0.5218800648298217 0.2124189627228525 0.5218800648298217
66 0.12216369529983792 0.4521880064829822 0.16045380875202592 0.4521880064829822 0.16045380875202592 0.526742301458671 0.12216369529983792 0.526742301458671
60 0.12216369529983792 0.30307941653160453 0.15863047001620745 0.30307941653160453 0.15863047001620745 0.3711507293354943 0.12216369529983792 0.3711507293354943
49 0.46403970826580226 0.3371150729335494 0.5032414910858996 0.3371150729335494 0.5032414910858996 0.406807131280389 0.46403970826580226 0.406807131280389
91 0.604436790923825 0.4505672609400324 0.642726904376013 0.4505672609400324 0.642726904376013 0.5218800648298219 0.604436790923825 0.5218800648298219
55 0.32364262560777957 0.4521880064829822 0.36193273905996753 0.4521880064829822 0.36193273905996753 0.5235008103727716 0.32364262560777957 0.5235008103727716
8 0.7311588330632091 0.4554294975688817 0.7667139384116692 0.4554294975688817 0.7667139384116692 0.5186385737439222 0.7311588330632091 0.5186385737439222
85 0.8642625607779578 0.4538087520259319 0.9034643435980552 0.4538087520259319 0.9034643435980552 0.520259319286872 0.8642625607779578 0.520259319286872
81 0.6053484602917342 0.8055105348460292 0.6436385737439223 0.8055105348460292 0.6436385737439223 0.8687196110210696 0.6053484602917342 0.8687196110210696
87 0.6062601296596434 0.7277147487844409 0.6418152350081037 0.7277147487844409 0.6418152350081037 0.7925445705024311 0.6062601296596434 0.7925445705024311
55 0.46403970826580226 0.5753646677471637 0.5032414910858996 0.5753646677471637 0.5032414910858996 0.6450567260940032 0.46403970826580226 0.6450567260940032
69 0.3911061588330632 0.6158833063209076 0.4248379254457051 0.6158833063209076 0.4248379254457051 0.6774716369529983 0.3911061588330632 0.6774716369529983
