48 0.33730861247119626 0.16818774445893092 0.39352671454972893 0.16818774445893092 0.39352671454972893 0.22294654498044328 0.33730861247119626 0.22294654498044328
48 0.4182078325354263 0.16949152542372878 0.4771682810568143 0.16949152542372878 0.4771682810568143 0.2255541069100391 0.4182078325354263 0.2255541069100391
48 0.49910705259965626 0.16949152542372878 0.5566963278996165 0.16949152542372878 0.5566963278996165 0.22164276401564537 0.49910705259965626 0.22164276401564537
48 0.5827486191067415 0.1707953063885267 0.6389667211852741 0.1707953063885267 0.6389667211852741 0.22164276401564537 0.5827486191067415 0.22164276401564537
48 0.2975445890497951 0.48500651890482405 0.35513386434975547 0.48500651890482405 0.35513386434975547 0.5384615384615385 0.2975445890497951 0.5384615384615385
48 0.3798149823354527 0.48370273794002605 0.4360330844139854 0.48370273794002605 0.4360330844139854 0.5384615384615384 0.3798149823354527 0.5384615384615384
48 0.45934302917825515 0.48500651890482405 0.5169323044782154 0.48500651890482405 0.5169323044782154 0.5397653194263363 0.45934302917825515 0.5397653194263363
48 0.5402422492424851 0.48631029986962193 0.5978315245424454 0.48631029986962193 0.5978315245424454 0.5397653194263363 0.5402422492424851 0.5397653194263363
48 0.6225126425281426 0.48370273794002605 0.6773595713852477 0.48370273794002605 0.6773595713852477 0.5371577574967404 0.6225126425281426 0.5371577574967404
44 0.23447062086412424 0.28683181225554105 0.29068872294265696 0.28683181225554105 0.29068872294265696 0.34028683181225555 0.23447062086412424 0.34028683181225555
44 0.6046873906495835 0.28683181225554105 0.6609054927281163 0.28683181225554105 0.6609054927281163 0.33898305084745756 0.6046873906495835 0.33898305084745756
115 0.8268174525208591 0.01303780964797914 0.8844067278208194 0.01303780964797914 0.8844067278208194 0.06779661016949153 0.8268174525208591 0.06779661016949153
41 0.1480867079141837 0.5997392438070405 0.2139030225427098 0.5997392438070405 0.2139030225427098 0.6571056062581486 0.1480867079141837 0.6571056062581486
41 0.23309944764269658 0.5997392438070405 0.2961734158283674 0.5997392438070405 0.2961734158283674 0.6584093872229465 0.23309944764269658 0.6584093872229465
41 0.3112563212640713 0.6010430247718384 0.37433028944974217 0.6010430247718384 0.37433028944974217 0.6558018252933507 0.3112563212640713 0.6558018252933507
41 0.3948978877711566 0.5984354628422425 0.45660068273539983 0.5984354628422425 0.45660068273539983 0.6571056062581486 0.3948978877711566 0.6571056062581486
41 0.5196746509210707 0.5984354628422425 0.5800062726638862 0.5984354628422425 0.5800062726638862 0.6558018252933507 0.5196746509210707 0.6558018252933507
41 0.5196746509210707 0.6857887874837028 0.584119792328169 0.6857887874837028 0.584119792328169 0.7496740547588006 0.5196746509210707 0.7496740547588006
41 0.6033162174281559 0.5984354628422425 0.6636478391709715 0.5984354628422425 0.6636478391709715 0.6544980443285529 0.6033162174281559 0.6544980443285529
41 0.6828442642709582 0.5971316818774446 0.7445470592352015 0.5971316818774446 0.7445470592352015 0.6558018252933508 0.6828442642709582 0.6558018252933508
41 0.761001137892333 0.5958279009126467 0.8281886257422868 0.5958279009126467 0.8281886257422868 0.6584093872229465 0.761001137892333 0.6584093872229465
86 0.14671553469275608 0.681877444589309 0.21664536898556508 0.681877444589309 0.21664536898556508 0.7522816166883963 0.14671553469275608 0.7522816166883963
57 0.3990114074354395 0.6923076923076923 0.4538583362925446 0.6923076923076923 0.4538583362925446 0.7457627118644069 0.3990114074354395 0.7457627118644069
57 0.7651146575566159 0.6923076923076923 0.8227039328565763 0.6923076923076923 0.8227039328565763 0.7457627118644069 0.7651146575566159 0.7457627118644069
91 0.01919642509998678 0.4602346805736637 0.08364156650708526 0.4602346805736637 0.08364156650708526 0.5254237288135594 0.01919642509998678 0.5254237288135594
91 0.017825251878559153 0.5514993481095176 0.0863839129499405 0.5514993481095176 0.0863839129499405 0.6166883963494133 0.017825251878559153 0.6166883963494133
114 0.8926337671493854 0.4615384615384616 0.9584500817779116 0.4615384615384616 0.9584500817779116 0.5254237288135594 0.8926337671493854 0.5254237288135594
