69 0.4253203430573664 0.16558018252933507 0.5032416272816167 0.16558018252933507 0.5032416272816167 0.26075619295958274 0.4253203430573664 0.26075619295958274
69 0.5573536302151239 0.3455019556714472 0.6428505948500653 0.3455019556714472 0.6428505948500653 0.4458930899608866 0.5573536302151239 0.4458930899608866
69 0.42315586294002616 0.34810951760104303 0.5064883474576272 0.34810951760104303 0.5064883474576272 0.4445893089960887 0.42315586294002616 0.4445893089960887
69 0.42315586294002616 0.530638852672751 0.5075705875162972 0.530638852672751 0.5075705875162972 0.6258148631029986 0.42315586294002616 0.6258148631029986
2 0.2922048158409387 0.4380704041720991 0.3755373003585397 0.4380704041720991 0.3755373003585397 0.5358539765319427 0.2922048158409387 0.5358539765319427
91 0.7337587597783571 0.3833116036505867 0.8181734843546284 0.3833116036505867 0.8181734843546284 0.4810951760104302 0.7337587597783571 0.4810951760104302
91 0.2911225757822686 0.7209908735332465 0.37553730035853977 0.7209908735332465 0.37553730035853977 0.820078226857888 0.2911225757822686 0.820078226857888
31 0.558435870273794 0.8239895697522814 0.6428505948500652 0.8239895697522814 0.6428505948500652 0.9243807040417208 0.558435870273794 0.9243807040417208
24 0.7337587597783571 0.5671447196870926 0.8160090042372881 0.5671447196870926 0.8160090042372881 0.6636245110821383 0.7337587597783571 0.6636245110821383
102 0.8906835682855281 0.5658409387222947 0.9740160528031291 0.5658409387222947 0.9740160528031291 0.6623207301173403 0.8906835682855281 0.6623207301173403
22 0.16125376874185135 0.7183833116036505 0.24350401320078224 0.7183833116036505 0.24350401320078224 0.820078226857888 0.16125376874185135 0.820078226857888
40 0.7337587597783571 0.19947848761408082 0.8160090042372881 0.19947848761408082 0.8160090042372881 0.2985658409387223 0.7337587597783571 0.2985658409387223
57 0.7335722819593787 0.014393140768852342 0.8172043010752688 0.014393140768852342 0.8172043010752688 0.11514512615081876 0.7335722819593787 0.11514512615081876
