22 0.1111111111111111 0.41877800458252745 0.14217443249701311 0.41877800458252745 0.14217443249701311 0.46449612735354573 0.1111111111111111 0.46449612735354573
115 0.1111111111111111 0.5285014992329713 0.14097968936678615 0.5285014992329713 0.14097968936678615 0.5760483469148303 0.1111111111111111 0.5760483469148303
90 0.2174432497013142 0.4772972017294308 0.25089605734767023 0.4772972017294308 0.25089605734767023 0.5230153245004491 0.2174432497013142 0.5230153245004491
0 0.33213859020310627 0.22676188894425067 0.36798088410991636 0.22676188894425067 0.36798088410991636 0.2834523611803133 0.33213859020310627 0.2834523611803133
0 0.33333333333333326 0.7186888899604074 0.36798088410991636 0.7186888899604074 0.36798088410991636 0.7717219123747885 0.33333333333333326 0.7717219123747885
113 0.4026284348864994 0.05669047223606267 0.41935483870967744 0.05669047223606267 0.41935483870967744 0.08046389607699217 0.4026284348864994 0.08046389607699217
113 0.4014336917562724 0.544960023430538 0.4169653524492234 0.544960023430538 0.4169653524492234 0.5687334472714674 0.4014336917562724 0.5687334472714674
91 0.7646356033452808 0.6821143917435929 0.7980884109916367 0.6821143917435929 0.7980884109916367 0.7296612394254519 0.7646356033452808 0.7296612394254519
91 0.7670250896057348 0.2761374615369504 0.7956989247311829 0.2761374615369504 0.7956989247311829 0.32551303412965016 0.7670250896057348 0.32551303412965016
40 0.8040621266427718 0.20115974019248045 0.8279569892473116 0.20115974019248045 0.8279569892473116 0.23590551349845434 0.8040621266427718 0.23590551349845434
40 0.8052568697729988 0.7735506372856293 0.8315412186379929 0.7735506372856293 0.8315412186379929 0.8119538604132847 0.8052568697729988 0.8119538604132847
67 0.8506571087216248 0.4206067294933682 0.8745519713261649 0.4206067294933682 0.8745519713261649 0.45718122771018277 0.8506571087216248 0.45718122771018277
67 0.8482676224611708 0.5431312985196972 0.8745519713261649 0.5431312985196972 0.8745519713261649 0.5815345216473526 0.8482676224611708 0.5815345216473526
42 0.8900836320191159 0.37671733163319066 0.9175627240143369 0.37671733163319066 0.9175627240143369 0.415120554760846 0.8900836320191159 0.415120554760846
42 0.8912783751493429 0.5833632465581933 0.9151732377538828 0.5833632465581933 0.9151732377538828 0.6217664696858486 0.8912783751493429 0.6217664696858486
43 0.5663082437275986 0.12069584411548825 0.5842293906810035 0.12069584411548825 0.5842293906810035 0.1517841675997807 0.5663082437275986 0.1517841675997807
43 0.5627240143369175 0.2413916882309765 0.5830346475507766 0.2413916882309765 0.5830346475507766 0.272480011715269 0.5627240143369175 0.272480011715269
43 0.5651135005973715 0.3730598818115092 0.5842293906810035 0.3730598818115092 0.5842293906810035 0.4023194803849609 0.5651135005973715 0.4023194803849609
43 0.5651135005973715 0.6107941202208043 0.5830346475507766 0.6107941202208043 0.5830346475507766 0.640053718794256 0.5651135005973715 0.640053718794256
43 0.5627240143369175 0.7314899643362925 0.5818399044205496 0.7314899643362925 0.5818399044205496 0.7589208379989035 0.5627240143369175 0.7589208379989035
43 0.5651135005973715 0.8649868828276659 0.5830346475507766 0.8649868828276659 0.5830346475507766 0.8924177564902768 0.5651135005973715 0.8924177564902768
114 0.7180406212664278 0.19750229037079897 0.7491039426523297 0.19750229037079897 0.7491039426523297 0.23590551349845432 0.7180406212664278 0.23590551349845432
114 0.7156511350059738 0.27796618644779114 0.7502986857825568 0.27796618644779114 0.7502986857825568 0.32368430921880936 0.7156511350059738 0.32368430921880936
114 0.7156511350059738 0.6857718415652743 0.7514934289127837 0.6857718415652743 0.7514934289127837 0.7278325145146112 0.7156511350059738 0.7278325145146112
114 0.7192353643966547 0.7698931874639479 0.7491039426523297 0.7698931874639479 0.7491039426523297 0.8119538604132847 0.7192353643966547 0.8119538604132847
