87 0.8085688240656336 0.9220852607871298 0.8441203281677303 0.9220852607871298 0.8441203281677303 0.9775603089970869 0.8085688240656336 0.9775603089970869
87 0.24703737465815861 0.30436310234111763 0.29717411121239745 0.30436310234111763 0.29717411121239745 0.38232803496051726 0.24703737465815861 0.38232803496051726
87 0.586144029170465 0.31485838173219066 0.6362807657247038 0.31485838173219066 0.6362807657247038 0.3928233143515903 0.586144029170465 0.3928233143515903
87 0.9070191431175936 0.3118597304775984 0.9571558796718324 0.3118597304775984 0.9571558796718324 0.38982466309699804 0.9070191431175936 0.38982466309699804
91 0.7675478577939836 0.2488880541311603 0.8213309024612581 0.2488880541311603 0.8213309024612581 0.3358489405143367 0.7675478577939836 0.3358489405143367
91 0.09845031905195988 0.2398921003673834 0.1522333637192343 0.2398921003673834 0.1522333637192343 0.32685298675055985 0.09845031905195988 0.32685298675055985
91 0.11212397447584319 0.4048179193699594 0.16590701914311756 0.4048179193699594 0.16590701914311756 0.49177880575313593 0.11212397447584319 0.49177880575313593
91 0.45031905195989064 0.24588940287656796 0.5041020966271651 0.24588940287656796 0.5041020966271651 0.33285028925974436 0.45031905195989064 0.33285028925974436
91 0.45031905195989064 0.41081522187914404 0.5041020966271651 0.41081522187914404 0.5041020966271651 0.4977761082623205 0.45031905195989064 0.4977761082623205
91 0.0519598906107566 0.9220852607871298 0.08751139471285325 0.9220852607871298 0.08751139471285325 0.9745616577424947 0.0519598906107566 0.9745616577424947
91 0.7711941659070193 0.4108152218791441 0.8249772105742936 0.4108152218791441 0.8249772105742936 0.4977761082623205 0.7711941659070193 0.4977761082623205
91 0.006381039197812215 0.5502525052176857 0.06016408386508661 0.5502525052176857 0.06016408386508661 0.6372133916008621 0.006381039197812215 0.6372133916008621
91 0.006381039197812215 0.7556601161572577 0.06016408386508661 0.7556601161572577 0.06016408386508661 0.8426210025404341 0.006381039197812215 0.8426210025404341
