2 0.11350059737156509 0.514336917562724 0.14097968936678612 0.514336917562724 0.14097968936678612 0.5537634408602151 0.11350059737156509 0.5537634408602151
69 0.18637992831541217 0.5161290322580645 0.2138590203106332 0.5161290322580645 0.2138590203106332 0.5555555555555556 0.18637992831541217 0.5555555555555556
69 0.4301075268817204 0.5125448028673835 0.4563918757467143 0.5125448028673835 0.4563918757467143 0.5519713261648745 0.4301075268817204 0.5519713261648745
91 0.15053763440860213 0.3046594982078853 0.17801672640382316 0.3046594982078853 0.17801672640382316 0.3458781362007168 0.15053763440860213 0.3458781362007168
1 0.18637992831541217 0.3709677419354838 0.21146953405017915 0.3709677419354838 0.21146953405017915 0.41218637992831536 0.18637992831541217 0.41218637992831536
91 0.3345280764635603 0.4229390681003584 0.36200716845878134 0.4229390681003584 0.36200716845878134 0.46415770609318996 0.3345280764635603 0.46415770609318996
40 0.3345280764635603 0.514336917562724 0.36081242532855434 0.514336917562724 0.36081242532855434 0.5537634408602151 0.3345280764635603 0.5537634408602151
22 0.11350059737156509 0.3727598566308244 0.14097968936678612 0.3727598566308244 0.14097968936678612 0.4086021505376344 0.11350059737156509 0.4086021505376344
57 0.18637992831541217 0.6164874551971327 0.21146953405017915 0.6164874551971327 0.21146953405017915 0.6523297491039428 0.18637992831541217 0.6523297491039428
31 0.11350059737156509 0.6146953405017921 0.14097968936678612 0.6146953405017921 0.14097968936678612 0.6541218637992832 0.11350059737156509 0.6541218637992832
104 0.3990442054958184 0.4659498207885305 0.42891278375149344 0.4659498207885305 0.42891278375149344 0.5089605734767024 0.3990442054958184 0.5089605734767024
113 0.6081242532855435 0.4301075268817204 0.6332138590203106 0.4301075268817204 0.6332138590203106 0.4713261648745519 0.6081242532855435 0.4713261648745519
43 0.6403823178016725 0.46774193548387094 0.6666666666666666 0.46774193548387094 0.6666666666666666 0.5089605734767024 0.6403823178016725 0.5089605734767024
69 0.7562724014336918 0.496415770609319 0.7825567502986859 0.496415770609319 0.7825567502986859 0.53584229390681 0.7562724014336918 0.53584229390681
60 0.7550776583034645 0.4211469534050179 0.7825567502986857 0.4211469534050179 0.7825567502986857 0.4605734767025089 0.7550776583034645 0.4605734767025089
24 0.7574671445639186 0.5734767025089605 0.7825567502986857 0.5734767025089605 0.7825567502986857 0.6129032258064516 0.7574671445639186 0.6129032258064516
51 0.6379928315412186 0.5555555555555556 0.6654719235364397 0.5555555555555556 0.6654719235364397 0.5967741935483872 0.6379928315412186 0.5967741935483872
