2 0.1978122151321787 0.1970337898046766 0.2643573381950775 0.1970337898046766 0.2643573381950775 0.3039033933198815 0.1978122151321787 0.3039033933198815
2 0.19234275296262532 0.45843106326754246 0.25888787602552416 0.45843106326754246 0.25888787602552416 0.5653006667827474 0.19234275296262532 0.5653006667827474
69 0.7520510483135823 0.1984779736359629 0.8140382862351867 0.1984779736359629 0.8140382862351867 0.3010150256573082 0.7520510483135823 0.3010150256573082
69 0.41203281677301734 0.20136634129853623 0.4740200546946217 0.20136634129853623 0.4740200546946217 0.30390339331988153 0.41203281677301734 0.30390339331988153
69 0.41659070191431163 0.4598752470988291 0.47857793983591607 0.4598752470988291 0.47857793983591607 0.5624122991201743 0.41659070191431163 0.5624122991201743
69 0.4111212397447582 0.7617096678377187 0.4731084776663626 0.7617096678377187 0.4731084776663626 0.8642467198590639 0.4111212397447582 0.8642467198590639
103 0.5824977210574294 0.1964090010549712 0.6463081130355516 0.1964090010549712 0.6463081130355516 0.3018344207388895 0.5824977210574294 0.3018344207388895
40 0.5879671832269827 0.45843106326754257 0.6499544211485873 0.45843106326754257 0.6499544211485873 0.5624122991201743 0.5879671832269827 0.5624122991201743
87 0.877848678213309 0.4534737230239776 0.9407474931631723 0.4534737230239776 0.9407474931631723 0.5560107750453228 0.877848678213309 0.5560107750453228
91 0.8760255241567912 0.7588213001751456 0.941659070191431 0.7588213001751456 0.941659070191431 0.8555816168713447 0.8760255241567912 0.8555816168713447
