16 0.4184138559708294 0.8185434790627094 0.4585232452142206 0.8185434790627094 0.4585232452142206 0.8831653326729232 0.4184138559708294 0.8831653326729232
115 0.20601640838650867 0.6216006871077716 0.24703737465815861 0.6216006871077716 0.24703737465815861 0.6939156185287253 0.20601640838650867 0.6939156185287253
90 0.2105742935278031 0.38926973722343133 0.2497721057429353 0.38926973722343133 0.2497721057429353 0.45850743752008905 0.2105742935278031 0.45850743752008905
22 0.20875113947128532 0.22925371876004447 0.2497721057429353 0.22925371876004447 0.2497721057429353 0.2969528034945543 0.20875113947128532 0.2969528034945543
86 0.7657247037374658 0.6216006871077716 0.8030993618960802 0.6216006871077716 0.8030993618960802 0.6939156185287253 0.7657247037374658 0.6939156185287253
13 0.7620783956244302 0.40619450840705873 0.8040109389243392 0.40619450840705873 0.8040109389243392 0.47697082426586446 0.7620783956244302 0.47697082426586446
13 0.7684594348222424 0.1646318651498306 0.8103919781221514 0.1646318651498306 0.8103919781221514 0.23540818100863628 0.7684594348222424 0.23540818100863628
13 0.7675478577939836 0.27387357006233504 0.8094804010938925 0.27387357006233504 0.8094804010938925 0.3446498859211407 0.7675478577939836 0.3446498859211407
42 0.3154056517775752 0.13847540059331548 0.35642661804922515 0.13847540059331548 0.35642661804922515 0.20771310088997322 0.3154056517775752 0.20771310088997322
113 0.3865086599817685 0.2554101833165596 0.41659070191431175 0.2554101833165596 0.41659070191431175 0.30310726574314606 0.3865086599817685 0.30310726574314606
95 0.4448495897903373 0.5969828381134045 0.49225159525979945 0.5969828381134045 0.49225159525979945 0.6754522317829499 0.4448495897903373 0.6754522317829499
91 0.5706472196900638 0.8216207101870051 0.6089334548769371 0.8216207101870051 0.6089334548769371 0.881626717110775 0.5706472196900638 0.881626717110775
47 0.764813126709207 0.8170048635005612 0.8030993618960802 0.8170048635005612 0.8030993618960802 0.886242563797219 0.764813126709207 0.886242563797219
