55 0.22518233387358183 0.33225283630470015 0.2862641815235008 0.33225283630470015 0.2862641815235008 0.43760129659643443 0.22518233387358183 0.43760129659643443
55 0.4540113452188007 0.33549432739059964 0.5123581847649918 0.33549432739059964 0.5123581847649918 0.44084278768233387 0.4540113452188007 0.44084278768233387
55 0.681017017828201 0.33549432739059964 0.7402755267423016 0.33549432739059964 0.7402755267423016 0.44084278768233387 0.681017017828201 0.44084278768233387
87 0.7949756888168558 0.13776337115072934 0.8542341977309562 0.13776337115072934 0.8542341977309562 0.24311183144246357 0.7949756888168558 0.24311183144246357
8 0.7420988654781199 0.7714748784440844 0.8013573743922203 0.7714748784440844 0.8013573743922203 0.8768233387358186 0.7420988654781199 0.8768233387358186
91 0.7904173419773095 0.33063209076175043 0.8524108589951377 0.33063209076175043 0.8524108589951377 0.44570502431118314 0.7904173419773095 0.44570502431118314
91 0.11395867098865478 0.32576985413290116 0.175952188006483 0.32576985413290116 0.175952188006483 0.44084278768233387 0.11395867098865478 0.44084278768233387
91 0.3272893030794165 0.32414910858995144 0.38928282009724474 0.32414910858995144 0.38928282009724474 0.4392220421393842 0.3272893030794165 0.4392220421393842
91 0.5597649918962723 0.32739059967585094 0.6217585089141004 0.32739059967585094 0.6217585089141004 0.44246353322528365 0.5597649918962723 0.44246353322528365
86 0.04923014586709886 0.13290113452188007 0.12307536466774716 0.13290113452188007 0.12307536466774716 0.2771474878444084 0.04923014586709886 0.2771474878444084
