30 0.48795318081629546 0.10313901345291479 0.5372045299080337 0.10313901345291479 0.5372045299080337 0.17937219730941706 0.48795318081629546 0.17937219730941706
26 0.7250893060728127 0.24663677130044834 0.7734285931443337 0.24663677130044834 0.7734285931443337 0.327354260089686 0.7250893060728127 0.327354260089686
26 0.5399407159686859 0.2451420029895366 0.5873679410199892 0.2451420029895366 0.5873679410199892 0.3258594917787742 0.5399407159686859 0.3258594917787742
26 0.6329710420308581 0.2451420029895366 0.6803982670821616 0.2451420029895366 0.6803982670821616 0.3258594917787742 0.6329710420308581 0.3258594917787742
49 0.7606597248612905 0.585949177877429 0.7934939575891161 0.585949177877429 0.7934939575891161 0.6352765321375186 0.7606597248612905 0.6352765321375186
91 0.7925818955688986 0.7787742899850524 0.8482176788021584 0.7787742899850524 0.8482176788021584 0.8804185351270551 0.7925818955688986 0.8804185351270551
91 0.2644979858630387 0.7817638266068759 0.32013376909629854 0.7817638266068759 0.32013376909629854 0.8834080717488788 0.2644979858630387 0.8834080717488788
91 0.33472676141977653 0.7817638266068759 0.3903625446530364 0.7817638266068759 0.3903625446530364 0.8834080717488788 0.33472676141977653 0.8834080717488788
91 0.4104279090978186 0.7817638266068759 0.4660636923310784 0.7817638266068759 0.4660636923310784 0.8834080717488788 0.4104279090978186 0.8834080717488788
91 0.6448278482936839 0.7787742899850524 0.7004636315269437 0.7787742899850524 0.7004636315269437 0.8804185351270551 0.6448278482936839 0.8804185351270551
91 0.7177928099110739 0.7787742899850524 0.7734285931443337 0.7787742899850524 0.7734285931443337 0.8804185351270551 0.7177928099110739 0.8804185351270551
49 0.38032986243064526 0.5889387144992526 0.41316409515847075 0.5889387144992526 0.41316409515847075 0.6382660687593423 0.38032986243064526 0.6382660687593423
21 0.8947328418332446 0.5381165919282511 0.9458083149654175 0.5381165919282511 0.9458083149654175 0.6188340807174888 0.8947328418332446 0.6188340807174888
21 0.5125788553621646 0.5396113602391629 0.5636543284943376 0.5396113602391629 0.5636543284943376 0.6203288490284006 0.5125788553621646 0.6203288490284006
104 0.3137493349547768 0.5396113602391629 0.3347267614197766 0.5396113602391629 0.3347267614197766 0.5724962630792227 0.3137493349547768 0.5724962630792227
91 0.871019229307593 0.11210762331838567 0.9266550125408529 0.11210762331838567 0.9266550125408529 0.20926756352765322 0.871019229307593 0.20926756352765322
67 0.8801398495097666 0.2914798206278027 0.9257429505206354 0.2914798206278027 0.9257429505206354 0.37369207772795215 0.8801398495097666 0.37369207772795215
104 0.694079197385422 0.5396113602391629 0.7150566238504218 0.5396113602391629 0.7150566238504218 0.5724962630792227 0.694079197385422 0.5724962630792227
