10 0.05041125295410685 0.1906005221932115 0.0633071548725993 0.1906005221932115 0.0633071548725993 0.21671018276762402 0.05041125295410685 0.21671018276762402
10 0.19812794765683855 0.1906005221932115 0.20985149485546808 0.1906005221932115 0.20985149485546808 0.21409921671018275 0.19812794765683855 0.21409921671018275
10 0.8077524019855727 0.13577023498694518 0.8194759491842021 0.13577023498694518 0.8194759491842021 0.1566579634464752 0.8077524019855727 0.1566579634464752
41 0.8077524019855727 0.4882506527415144 0.8194759491842025 0.4882506527415144 0.8194759491842025 0.5091383812010444 0.8077524019855727 0.5091383812010444
41 0.03165357743629965 0.21671018276762402 0.05041125295410686 0.21671018276762402 0.05041125295410686 0.2584856396866841 0.03165357743629965 0.2584856396866841
41 0.06682421903218816 0.21671018276762402 0.08323718511026944 0.21671018276762402 0.08323718511026944 0.2558746736292428 0.06682421903218816 0.2558746736292428
41 0.03399828687602555 0.3342036553524805 0.05041125295410685 0.3342036553524805 0.05041125295410685 0.37336814621409925 0.03399828687602555 0.37336814621409925
41 0.17937027213903137 0.2193211488250653 0.19578323821711266 0.2193211488250653 0.19578323821711266 0.2558746736292428 0.17937027213903137 0.2558746736292428
41 0.21102384957533105 0.21409921671018275 0.23095387981300117 0.21409921671018275 0.23095387981300117 0.2558746736292428 0.21102384957533105 0.2558746736292428
41 0.3106740007636818 0.195822454308094 0.33060403100135194 0.195822454308094 0.33060403100135194 0.23237597911227156 0.3106740007636818 0.23237597911227156
41 0.1781979174191684 0.33159268929503916 0.19695559293697562 0.33159268929503916 0.19695559293697562 0.370757180156658 0.1781979174191684 0.370757180156658
41 0.03399828687602555 0.6657963446475196 0.05041125295410685 0.6657963446475196 0.05041125295410685 0.7023498694516971 0.03399828687602555 0.7023498694516971
41 0.06682421903218816 0.660574412532637 0.08206483039040649 0.660574412532637 0.08206483039040649 0.7049608355091382 0.06682421903218816 0.7049608355091382
41 0.1758532079794425 0.6657963446475196 0.1946108834972497 0.6657963446475196 0.1946108834972497 0.7023498694516971 0.1758532079794425 0.7023498694516971
41 0.21102384957533105 0.6631853785900783 0.2262644609335494 0.6631853785900783 0.2262644609335494 0.7023498694516971 0.21102384957533105 0.7023498694516971
41 0.03165357743629965 0.7754569190600522 0.04923889823424391 0.7754569190600522 0.04923889823424391 0.8224543080939948 0.03165357743629965 0.8224543080939948
41 0.17233614381985365 0.7728459530026108 0.19578323821711266 0.7728459530026108 0.19578323821711266 0.8250652741514359 0.17233614381985365 0.8250652741514359
41 0.30832929132395587 0.6318537859007833 0.33060403100135194 0.6318537859007833 0.33060403100135194 0.6814621409921671 0.30832929132395587 0.6814621409921671
41 0.7889947264677653 0.5065274151436031 0.8077524019855727 0.5065274151436031 0.8077524019855727 0.5535248041775458 0.7889947264677653 0.5535248041775458
41 0.7866500170280395 0.793733681462141 0.8089247567054355 0.793733681462141 0.8089247567054355 0.8433420365535249 0.7866500170280395 0.8433420365535249
41 0.8194759491842021 0.5091383812010444 0.8417506888615982 0.5091383812010444 0.8417506888615982 0.5535248041775457 0.8194759491842021 0.5535248041775457
41 0.7866500170280395 0.6240208877284595 0.8077524019855727 0.6240208877284595 0.8077524019855727 0.671018276762402 0.7866500170280395 0.671018276762402
41 0.7889947264677653 0.1566579634464752 0.8065800472657096 0.1566579634464752 0.8065800472657096 0.20104438642297653 0.7889947264677653 0.20104438642297653
41 0.7878223717479025 0.2689295039164491 0.8065800472657096 0.2689295039164491 0.8065800472657096 0.3185378590078328 0.7878223717479025 0.3185378590078328
41 0.8206483039040653 0.15926892950391644 0.8417506888615984 0.15926892950391644 0.8417506888615984 0.20104438642297653 0.8206483039040653 0.20104438642297653
41 0.4982507559417538 0.1462140992167102 0.5205254956191498 0.1462140992167102 0.5205254956191498 0.19321148825065274 0.4982507559417538 0.19321148825065274
41 0.5322490428177793 0.14360313315926893 0.5521790730554494 0.14360313315926893 0.5521790730554494 0.1906005221932115 0.5322490428177793 0.1906005221932115
41 0.49707840122189084 0.2584856396866841 0.5205254956191498 0.2584856396866841 0.5205254956191498 0.30809399477806787 0.49707840122189084 0.30809399477806787
41 0.4982507559417538 0.5065274151436031 0.5193531408992869 0.5065274151436031 0.5193531408992869 0.5613577023498696 0.4982507559417538 0.5613577023498696
41 0.5275596239383276 0.5091383812010444 0.5545237824951755 0.5091383812010444 0.5545237824951755 0.5587467362924282 0.5275596239383276 0.5587467362924282
41 0.49942311066161676 0.6214099216710183 0.519353140899287 0.6214099216710183 0.519353140899287 0.6762402088772846 0.49942311066161676 0.6762402088772846
41 0.49942311066161676 0.8067885117493474 0.519353140899287 0.8067885117493474 0.519353140899287 0.8616187989556136 0.49942311066161676 0.8616187989556136
113 0.0093788377589036 0.5039164490861618 0.04337712463492915 0.5039164490861618 0.04337712463492915 0.5718015665796345 0.0093788377589036 0.5718015665796345
113 0.4712865973849059 -2.220446049250313e-18 0.517008431459561 -2.220446049250313e-18 0.517008431459561 0.06527415143603134 0.4712865973849059 0.06527415143603134
