48 0.3674394875573947 0.19426336375488915 0.4199308429227367 0.19426336375488915 0.4199308429227367 0.24511082138200777 0.3674394875573947 0.24511082138200777
48 0.4434138176914424 0.19556714471968706 0.49728652451376715 0.19556714471968706 0.49728652451376715 0.24380704041720985 0.4434138176914424 0.24380704041720985
48 0.520769499282473 0.19556714471968706 0.5704981517338497 0.19556714471968706 0.5704981517338497 0.24511082138200777 0.520769499282473 0.24511082138200777
48 0.5953624779595381 0.1929595827900913 0.6464724818678974 0.1929595827900913 0.6464724818678974 0.24511082138200782 0.5953624779595381 0.24511082138200782
48 0.32876164676187947 0.4810951760104302 0.3826343535842042 0.4810951760104302 0.3826343535842042 0.5319426336375489 0.32876164676187947 0.5319426336375489
48 0.4061173283529099 0.4810951760104302 0.4586086837182519 0.4810951760104302 0.4586086837182519 0.5280312907431551 0.4061173283529099 0.5280312907431551
48 0.4820916584869577 0.48239895697522817 0.5332016623953171 0.48239895697522817 0.5332016623953171 0.5319426336375489 0.4820916584869577 0.5319426336375489
48 0.5566846371640227 0.48239895697522817 0.607794641072382 0.48239895697522817 0.607794641072382 0.529335071707953 0.5566846371640227 0.529335071707953
48 0.6312776158410879 0.47979139504563234 0.68376897120643 0.47979139504563234 0.68376897120643 0.5319426336375489 0.6312776158410879 0.5319426336375489
115 0.820522765447716 0.0560625814863103 0.8730141208130581 0.0560625814863103 0.8730141208130581 0.1043024771838331 0.820522765447716 0.1043024771838331
57 0.42131219437971945 0.670143415906128 0.4751849012020443 0.670143415906128 0.4751849012020443 0.7209908735332465 0.42131219437971945 0.7209908735332465
57 0.7638873557114257 0.670143415906128 0.8191414139907334 0.670143415906128 0.8191414139907334 0.7222946544980445 0.7638873557114257 0.7222946544980445
41 0.19338920397757614 0.5827900912646675 0.25278731662783166 0.5827900912646675 0.25278731662783166 0.6388526727509778 0.19338920397757614 0.6388526727509778
41 0.26798218265464124 0.5814863102998696 0.325998943847914 0.5814863102998696 0.325998943847914 0.6388526727509778 0.26798218265464124 0.6388526727509778
41 0.3453378642456717 0.5814863102998696 0.40197327398196186 0.5814863102998696 0.40197327398196186 0.6375488917861798 0.3453378642456717 0.6375488917861798
41 0.42131219437971945 0.5814863102998696 0.4793289555729924 0.5814863102998696 0.4793289555729924 0.6375488917861798 0.42131219437971945 0.6375488917861798
41 0.5332016623953171 0.5814863102998696 0.5953624779595379 0.5814863102998696 0.5953624779595379 0.6388526727509778 0.5332016623953171 0.6388526727509778
41 0.6091759925293648 0.5775749674054759 0.6713368080935858 0.5775749674054759 0.6713368080935858 0.6388526727509778 0.6091759925293648 0.6388526727509778
41 0.6851503226634125 0.5788787483702738 0.7459297867706507 0.5788787483702738 0.7459297867706507 0.6414602346805737 0.6851503226634125 0.6414602346805737
41 0.7611246527974604 0.5801825293350718 0.8205227654477161 0.5801825293350718 0.8205227654477161 0.6414602346805737 0.7611246527974604 0.6414602346805737
41 0.5318203109383344 0.663624511082138 0.5995065323304859 0.663624511082138 0.5995065323304859 0.7235984354628421 0.5318203109383344 0.7235984354628421
86 0.18648244669266273 0.6597131681877445 0.2569313709987797 0.6597131681877445 0.2569313709987797 0.726205997392438 0.18648244669266273 0.726205997392438
44 0.2721262370255893 0.30247718383311606 0.32599894384791406 0.30247718383311606 0.32599894384791406 0.3507170795306389 0.2721262370255893 0.3507170795306389
44 0.6147013983572956 0.3011734028683181 0.6671927537226379 0.3011734028683181 0.6671927537226379 0.35071707953063885 0.6147013983572956 0.35071707953063885
91 0.07183027576309971 0.4615384615384615 0.13122838841335524 0.4615384615384615 0.13122838841335524 0.5162972620599738 0.07183027576309971 0.5162972620599738
91 0.07044892430611703 0.5423728813559322 0.12984703695637256 0.5423728813559322 0.12984703695637256 0.5971316818774447 0.07044892430611703 0.5971316818774447
