0 0.17752634376437557 0.2059973924380704 0.21827009479226506 0.2059973924380704 0.21827009479226506 0.2607561929595828 0.17752634376437557 0.2607561929595828
69 0.6237674264507841 0.1408083441981747 0.6509299271360437 0.1408083441981747 0.6509299271360437 0.17861799217731425 0.6237674264507841 0.17861799217731425
40 0.7877125198725298 0.2777053455019557 0.8148750205577894 0.2777053455019557 0.8148750205577894 0.31290743155149936 0.7877125198725298 0.31290743155149936
41 0.3831852775241986 0.4980443285528031 0.41519822476039747 0.4980443285528031 0.41519822476039747 0.5423728813559322 0.3831852775241986 0.5423728813559322
41 0.4792241192327953 0.49934810951760106 0.5131772450893698 0.49934810951760106 0.5131772450893698 0.5423728813559322 0.4792241192327953 0.5423728813559322
41 0.5878741219738338 0.49022164276401553 0.6295879623119112 0.49022164276401553 0.6295879623119112 0.5462842242503259 0.5878741219738338 0.5462842242503259
91 0.3793049202834472 0.7992177314211213 0.4103477782094583 0.7992177314211213 0.4103477782094583 0.8383311603650587 0.3793049202834472 0.8383311603650587
69 0.8546486822754911 0.5384615384615384 0.8818111829607507 0.5384615384615384 0.8818111829607507 0.576271186440678 0.8546486822754911 0.576271186440678
57 0.8488281464143639 0.36245110821382004 0.879871004340375 0.36245110821382004 0.879871004340375 0.4002607561929596 0.8488281464143639 0.4002607561929596
91 0.8517384143449277 0.27640156453715775 0.8798710043403751 0.27640156453715775 0.8798710043403751 0.31421121251629724 0.8517384143449277 0.31421121251629724
96 0.8527085036551152 0.1864406779661017 0.8789009150301871 0.1864406779661017 0.8789009150301871 0.22294654498044328 0.8527085036551152 0.22294654498044328
11 0.9138241301969496 0.4550195567144719 0.9380763629516456 0.4550195567144719 0.9380763629516456 0.4863102998696218 0.9138241301969496 0.4863102998696218
51 0.7857723412521541 0.5384615384615384 0.8129348419374137 0.5384615384615384 0.8129348419374137 0.576271186440678 0.7857723412521541 0.576271186440678
103 0.7857723412521541 0.453715775749674 0.8168151991781651 0.453715775749674 0.8168151991781651 0.4928292046936114 0.7857723412521541 0.4928292046936114
21 0.7857723412521541 0.3611473272490222 0.8168151991781651 0.3611473272490222 0.8168151991781651 0.40677966101694923 0.7857723412521541 0.40677966101694923
44 0.5364593885338781 0.8005215123859192 0.5645919785293255 0.8005215123859192 0.5645919785293255 0.8370273794002607 0.5364593885338781 0.8370273794002607
52 0.4831044764735466 0.803129074315515 0.5073567092282427 0.803129074315515 0.5073567092282427 0.834419817470665 0.4831044764735466 0.834419817470665
52 0.5966049257655244 0.803129074315515 0.6227973371405963 0.803129074315515 0.6227973371405963 0.8383311603650587 0.5966049257655244 0.8383311603650587
41 0.18043661169493908 0.6101694915254238 0.21827009479226506 0.6101694915254238 0.21827009479226506 0.6584093872229466 0.18043661169493908 0.6584093872229466
44 0.599515193696088 0.3598435462842243 0.6247375157609719 0.3598435462842243 0.6247375157609719 0.39243807040417206 0.599515193696088 0.39243807040417206
24 0.4346000109641543 0.3611473272490222 0.461762511649414 0.3611473272490222 0.461762511649414 0.3963494132985658 0.4346000109641543 0.3963494132985658
41 0.6237674264507841 0.2216427640156454 0.6567504629971709 0.2216427640156454 0.6567504629971709 0.2698826597131682 0.6237674264507841 0.2698826597131682
90 0.9089736836460104 0.2777053455019557 0.9371062736414578 0.2777053455019557 0.9371062736414578 0.31421121251629724 0.9089736836460104 0.31421121251629724
67 0.9118839515765739 0.1864406779661017 0.9409866308822092 0.1864406779661017 0.9409866308822092 0.226857887874837 0.9118839515765739 0.226857887874837
106 0.9099437729561983 0.3598435462842243 0.9341960057108943 0.3598435462842243 0.9341960057108943 0.39243807040417206 0.9099437729561983 0.39243807040417206
102 0.855618771585679 0.453715775749674 0.8827812722709386 0.453715775749674 0.8827812722709386 0.4889178617992177 0.855618771585679 0.4889178617992177
31 0.41519822476039747 0.23207301173402872 0.44527099337622067 0.23207301173402872 0.44527099337622067 0.26857887874837033 0.41519822476039747 0.26857887874837033
