113 0.2397722708523267 0.21287128712871287 0.28626803440163723 0.21287128712871287 0.28626803440163723 0.2937293729372937 0.2397722708523267 0.2937293729372937
48 0.23886058921410494 0.5346534653465347 0.28444467112519367 0.5346534653465347 0.28444467112519367 0.6155115511551155 0.23886058921410494 0.6155115511551155
41 0.3391455694185001 0.353135313531353 0.3901997411589195 0.353135313531353 0.3901997411589195 0.4438943894389439 0.3391455694185001 0.4438943894389439
41 0.5935047464823752 0.6914191419141912 0.6436472365845728 0.6914191419141912 0.6436472365845728 0.7838283828382837 0.5935047464823752 0.7838283828382837
41 0.49230808463975817 0.3498349834983499 0.5424505747419558 0.3498349834983499 0.5424505747419558 0.4422442244224423 0.49230808463975817 0.4422442244224423
41 0.5925930648441533 0.3514851485148515 0.6427355549463508 0.3514851485148515 0.6427355549463508 0.44389438943894394 0.5925930648441533 0.44389438943894394
41 0.6874079552192179 0.3514851485148515 0.7375504453214154 0.3514851485148515 0.7375504453214154 0.44389438943894394 0.6874079552192179 0.44389438943894394
41 0.7858695721471696 0.3514851485148515 0.8360120622493671 0.3514851485148515 0.8360120622493671 0.44389438943894394 0.7858695721471696 0.44389438943894394
41 0.34005725105672174 0.6930693069306928 0.3901997411589193 0.6930693069306928 0.3901997411589193 0.7854785478547852 0.34005725105672174 0.7854785478547852
41 0.6883196368574397 0.6897689768976896 0.7384621269596373 0.6897689768976896 0.7384621269596373 0.782178217821782 0.6883196368574397 0.782178217821782
41 0.7849578905089478 0.6914191419141912 0.8351003806111453 0.6914191419141912 0.8351003806111453 0.7838283828382837 0.7849578905089478 0.7838283828382837
41 0.4941314479162017 0.6897689768976895 0.5442739380183992 0.6897689768976895 0.5442739380183992 0.7821782178217819 0.4941314479162017 0.7821782178217819
