41 0.1053864168618267 0.16579386763812992 0.15807962529274006 0.16579386763812992 0.15807962529274006 0.22848902766935553 0.1053864168618267 0.22848902766935553
41 0.16861826697892274 0.2187364472200538 0.234192037470726 0.2187364472200538 0.234192037470726 0.2981503165929396 0.16861826697892274 0.2981503165929396
41 0.3524590163934426 0.2187364472200538 0.4203747072599532 0.2187364472200538 0.4203747072599532 0.2981503165929396 0.3524590163934426 0.2981503165929396
41 0.28805620608899296 0.16718709341660162 0.34192037470725994 0.16718709341660162 0.34192037470725994 0.22848902766935553 0.28805620608899296 0.22848902766935553
41 0.752927400468384 0.16579386763812992 0.8067915690866512 0.16579386763812992 0.8067915690866512 0.22988225344782726 0.752927400468384 0.22988225344782726
41 0.8173302107728336 0.21734322144158214 0.8852459016393441 0.21734322144158214 0.8852459016393441 0.2981503165929396 0.8173302107728336 0.2981503165929396
113 0.02927400468384075 0.041796773354150406 0.08430913348946137 0.041796773354150406 0.08430913348946137 0.10867161072079104 0.02927400468384075 0.10867161072079104
24 0.4929742388758782 0.4695170873449562 0.5468384074941454 0.4695170873449562 0.5468384074941454 0.5336054731546535 0.4929742388758782 0.5336054731546535
91 0.4906323185011709 0.5461445051608986 0.5480093676814989 0.5461445051608986 0.5480093676814989 0.6199854714198977 0.4906323185011709 0.6199854714198977
91 0.6124121779859485 0.2020177378783936 0.6662763466042154 0.2020177378783936 0.6662763466042154 0.2661061236880909 0.6124121779859485 0.2661061236880909
91 0.6779859484777517 0.19923128632145026 0.7353629976580797 0.19923128632145026 0.7353629976580797 0.2661061236880909 0.6779859484777517 0.2661061236880909
86 0.20608899297423888 0.34830644461792004 0.26229508196721313 0.34830644461792004 0.26229508196721313 0.41657450776303234 0.20608899297423888 0.41657450776303234
86 0.38875878220140514 0.34691321883944837 0.44847775175644033 0.34691321883944837 0.44847775175644033 0.41657450776303234 0.38875878220140514 0.41657450776303234
86 0.8512880562060888 0.34551999306097664 0.908665105386417 0.34551999306097664 0.908665105386417 0.41518128198456067 0.8512880562060888 0.41518128198456067
