69 0.682771194165907 0.6001897568507804 0.7329079307201458 0.6001897568507804 0.7329079307201458 0.7041095380722936 0.682771194165907 0.7041095380722936
69 0.31175934366453967 0.22692686919799826 0.36189608021877856 0.22692686919799826 0.36189608021877856 0.33084665041951156 0.31175934366453967 0.33084665041951156
91 0.6836827711941659 0.22056443361300762 0.7301731996353692 0.22056443361300762 0.7301731996353692 0.33720908600450206 0.6836827711941659 0.33720908600450206
91 0.12123974475843209 0.3541755808978103 0.16773017319963537 0.3541755808978103 0.16773017319963537 0.4708202332893048 0.12123974475843209 0.4708202332893048
91 0.5050136736554239 0.5938273212657897 0.5515041020966273 0.5938273212657897 0.5515041020966273 0.7104719736572842 0.5050136736554239 0.7104719736572842
69 0.31175934366453967 0.6044313805741075 0.36189608021877856 0.6044313805741075 0.36189608021877856 0.7083511617956207 0.31175934366453967 0.7083511617956207
69 0.7857793983591612 0.25449742339962417 0.8085688240656335 0.25449742339962417 0.8085688240656335 0.3032760962178854 0.7857793983591612 0.3032760962178854
69 0.20054694621695535 0.3987126299927446 0.22333637192342753 0.3987126299927446 0.22333637192342753 0.44749130281100585 0.20054694621695535 0.44749130281100585
40 0.5186873290793071 0.4665786095659777 0.5414767547857793 0.4665786095659777 0.5414767547857793 0.515357282384239 0.5186873290793071 0.515357282384239
40 0.8614402917046491 0.6001897568507804 0.910665451230629 0.6001897568507804 0.910665451230629 0.7041095380722936 0.8614402917046491 0.7041095380722936
40 0.8632634457611668 0.22692686919799826 0.9124886052871468 0.22692686919799826 0.9124886052871468 0.33084665041951156 0.8632634457611668 0.33084665041951156
