91 0.5967604433077578 0.3694231315714691 0.651321398124467 0.3694231315714691 0.651321398124467 0.4589371980676327 0.5967604433077578 0.4589371980676327
8 0.4791133844842284 0.3722648479681727 0.5302642796248933 0.3722648479681727 0.5302642796248933 0.4560954816709291 0.4791133844842284 0.4560954816709291
69 0.8491048593350382 0.18613242398408636 0.9002557544757032 0.18613242398408636 0.9002557544757032 0.27422563228189817 0.8491048593350382 0.27422563228189817
69 0.46973572037510647 0.8098891730605284 0.5225916453537935 0.8098891730605284 0.5225916453537935 0.8994032395566922 0.46973572037510647 0.8994032395566922
69 0.32139812446717814 0.5797101449275361 0.3725490196078431 0.5797101449275361 0.3725490196078431 0.6649616368286444 0.32139812446717814 0.6649616368286444
69 0.20716112531969305 0.8127308894572319 0.25660699062233583 0.8127308894572319 0.25660699062233583 0.8979823813583402 0.20716112531969305 0.8979823813583402
42 0.31969309462915596 0.8141517476555838 0.371696504688832 0.8141517476555838 0.371696504688832 0.8965615231599885 0.31969309462915596 0.8965615231599885
86 0.32225063938618914 0.3736857061665246 0.37084398976982097 0.3736857061665246 0.37084398976982097 0.4603580562659846 0.32225063938618914 0.4603580562659846
94 0.8482523444160271 0.32111395282750776 0.9002557544757032 0.32111395282750776 0.9002557544757032 0.41346973572037504 0.8482523444160271 0.41346973572037504
55 0.8482523444160271 0.6464904802500709 0.9011082693947142 0.6464904802500709 0.9011082693947142 0.7360045467462347 0.8482523444160271 0.7360045467462347
103 0.5984654731457799 0.8141517476555838 0.6504688832054559 0.8141517476555838 0.6504688832054559 0.8979823813583403 0.5984654731457799 0.8979823813583403
57 0.20630861040068196 0.11366865586814434 0.2540494458653026 0.11366865586814434 0.2540494458653026 0.19323671497584538 0.20630861040068196 0.19323671497584538
