56 0.8424270234704853 0.4784876140808344 0.8886930384894592 0.4784876140808344 0.8886930384894592 0.5397653194263363 0.8424270234704853 0.5397653194263363
56 0.03759113720291639 0.7509778357235984 0.0838571522218904 0.7509778357235984 0.0838571522218904 0.8122555410691004 0.03759113720291639 0.8122555410691004
56 0.23711332697224183 0.7496740547588006 0.28337934199121584 0.7496740547588006 0.28337934199121584 0.8109517601043025 0.23711332697224183 0.8109517601043025
102 0.8433908987833804 0.5853976531942634 0.8886930384894591 0.5853976531942634 0.8886930384894591 0.6466753585397653 0.8433908987833804 0.6466753585397653
102 0.10795403504427271 0.7496740547588006 0.15325617475035141 0.7496740547588006 0.15325617475035141 0.8109517601043026 0.10795403504427271 0.8109517601043026
102 0.30747622481359815 0.7483702737940026 0.35277836451967687 0.7483702737940026 0.35277836451967687 0.8096479791395045 0.30747622481359815 0.8096479791395045
33 0.7711002503162336 0.5827900912646676 0.8154385147094171 0.5827900912646676 0.8154385147094171 0.6466753585397655 0.7711002503162336 0.6466753585397655
33 0.10795403504427271 0.6401564537157758 0.15229229943745615 0.6401564537157758 0.15229229943745615 0.7040417209908736 0.10795403504427271 0.7040417209908736
33 0.3084401001264934 0.6349413298565841 0.35277836451967687 0.6349413298565841 0.35277836451967687 0.698826597131682 0.3084401001264934 0.698826597131682
33 0.5600115567921646 0.10299869621903528 0.6043498211853481 0.10299869621903528 0.6043498211853481 0.16688396349413312 0.5600115567921646 0.16688396349413312
102 0.5060345392700283 0.7496740547588006 0.551336678976107 0.7496740547588006 0.551336678976107 0.8109517601043025 0.5060345392700283 0.8109517601043025
56 0.435671641428672 0.7496740547588006 0.48193765644764597 0.7496740547588006 0.48193765644764597 0.8109517601043025 0.435671641428672 0.8109517601043025
33 0.5060345392700283 0.6349413298565841 0.5503728036632117 0.6349413298565841 0.5503728036632117 0.698826597131682 0.5060345392700283 0.698826597131682
82 0.32868148169729455 0.1016949152542373 0.38073074859364037 0.1016949152542373 0.38073074859364037 0.1707953063885267 0.32868148169729455 0.1707953063885267
57 0.21205256883696424 0.10430247718383312 0.257354708543043 0.10430247718383312 0.257354708543043 0.166883963494133 0.21205256883696424 0.166883963494133
23 0.4906125342637037 0.10430247718383312 0.5378424245955731 0.10430247718383312 0.5378424245955731 0.1655801825293351 0.4906125342637037 0.1655801825293351
23 0.6939902252846102 0.5867014341590612 0.7412201156164796 0.5867014341590612 0.7412201156164796 0.6492829204693611 0.6939902252846102 0.6492829204693611
23 0.04048276314160226 0.5228161668839635 0.08771265347347158 0.5228161668839635 0.08771265347347158 0.5853976531942633 0.04048276314160226 0.5853976531942633
23 0.23711332697224183 0.5215123859191656 0.28434321730411116 0.5215123859191656 0.28434321730411116 0.5840938722294654 0.23711332697224183 0.5840938722294654
23 0.435671641428672 0.5241199478487614 0.48290153176054124 0.5241199478487614 0.48290153176054124 0.5867014341590612 0.435671641428672 0.5867014341590612
45 0.7701363750033383 0.6962190352020861 0.8164023900223123 0.6962190352020861 0.8164023900223123 0.7574967405475881 0.7701363750033383 0.7574967405475881
110 0.4385632673673578 0.8683181225554107 0.4867570330121224 0.8683181225554107 0.4867570330121224 0.9282920469361147 0.4385632673673578 0.9282920469361147
41 0.30747622481359815 0.8670143415906127 0.35470611514546746 0.8670143415906127 0.35470611514546746 0.9295958279009127 0.30747622481359815 0.9295958279009127
90 0.23904107759803242 0.8670143415906127 0.28434321730411116 0.8670143415906127 0.28434321730411116 0.9295958279009127 0.23904107759803242 0.9295958279009127
69 0.8433908987833804 0.6936114732724902 0.8886930384894592 0.6936114732724902 0.8886930384894592 0.7574967405475881 0.8433908987833804 0.7574967405475881
86 0.9108621706860509 0.6936114732724902 0.9552004350792342 0.6936114732724902 0.9552004350792342 0.7574967405475881 0.9108621706860509 0.7574967405475881
91 0.6949541005975055 0.4771838331160365 0.7402562403035842 0.4771838331160365 0.7402562403035842 0.5397653194263363 0.6949541005975055 0.5397653194263363
91 0.039518887828706974 0.41329856584093877 0.08482102753478571 0.41329856584093877 0.08482102753478571 0.4758800521512386 0.039518887828706974 0.4758800521512386
91 0.23711332697224183 0.4119947848761409 0.2824154666783205 0.4119947848761409 0.2824154666783205 0.4745762711864407 0.23711332697224183 0.4745762711864407
91 0.435671641428672 0.4146023468057367 0.4809737811347507 0.4146023468057367 0.4809737811347507 0.4771838331160365 0.435671641428672 0.4771838331160365
24 0.10795403504427271 0.5228161668839635 0.1542200500632467 0.5228161668839635 0.1542200500632467 0.5853976531942633 0.10795403504427271 0.5853976531942633
