94 0.7595743986523968 0.6505867014341591 0.7891682063921007 0.6505867014341591 0.7891682063921007 0.6949152542372882 0.7595743986523968 0.6949152542372882
94 0.8812378304711792 0.6492829204693612 0.9108316382108829 0.6492829204693612 0.9108316382108829 0.6975228161668838 0.8812378304711792 0.6975228161668838
68 0.4192456096458035 0.6870925684485006 0.4496614676004991 0.6870925684485006 0.4496614676004991 0.7392438070404173 0.4192456096458035 0.7392438070404173
55 0.5713248994192813 0.4302477183833116 0.6009187071589851 0.4302477183833116 0.6009187071589851 0.47066492829204687 0.5713248994192813 0.47066492829204687
91 0.4241779109357542 0.41069100391134294 0.45377171867545796 0.41069100391134294 0.45377171867545796 0.4602346805736637 0.4241779109357542 0.4602346805736637
87 0.8097194617668949 0.42242503259452413 0.841779420151574 0.42242503259452413 0.841779420151574 0.47066492829204687 0.8097194617668949 0.47066492829204687
49 0.810541511981887 0.529335071707953 0.8401353197215905 0.529335071707953 0.8401353197215905 0.576271186440678 0.810541511981887 0.576271186440678
81 0.8113635621968786 0.31290743155149936 0.8401353197215905 0.31290743155149936 0.8401353197215905 0.3611473272490222 0.8113635621968786 0.3611473272490222
85 0.8088974115519033 0.20860495436766624 0.8393132695065988 0.20860495436766624 0.8393132695065988 0.25423728813559326 0.8088974115519033 0.25423728813559326
64 0.8097194617668949 0.10039113428943937 0.8393132695065988 0.10039113428943937 0.8393132695065988 0.14993481095176012 0.8097194617668949 0.14993481095176012
87 0.75628619779243 0.7483702737940026 0.7850579553171421 0.7483702737940026 0.7850579553171421 0.7953063885267276 0.75628619779243 0.7953063885267276
8 0.8779496296112121 0.7509778357235984 0.9075434373509159 0.7509778357235984 0.9075434373509159 0.7953063885267275 0.8779496296112121 0.7953063885267275
9 0.8113635621968786 0.864406779661017 0.8409573699365825 0.864406779661017 0.8409573699365825 0.9139504563233377 0.8113635621968786 0.9139504563233377
109 0.22935200998270427 0.8135593220338984 0.2581237675074163 0.8135593220338984 0.2581237675074163 0.861799217731421 0.22935200998270427 0.861799217731421
60 0.22935200998270427 0.6023468057366362 0.2581237675074163 0.6023468057366362 0.2581237675074163 0.6492829204693612 0.22935200998270427 0.6492829204693612
37 0.22935200998270427 0.2685788787483703 0.25894581772240804 0.2685788787483703 0.25894581772240804 0.31290743155149936 0.22935200998270427 0.31290743155149936
