91 0.023017902813299233 0.08225616921269095 0.07928388746803068 0.08225616921269095 0.07928388746803068 0.2134743439091265 0.023017902813299233 0.2134743439091265
92 0.0247229326513214 0.4249902075989032 0.08184143222506395 0.4249902075989032 0.08184143222506395 0.564042303172738 0.0247229326513214 0.564042303172738
91 0.7791986359761296 0.43282412847630236 0.8388746803069055 0.43282412847630236 0.8388746803069055 0.5620838229533881 0.7791986359761296 0.5620838229533881
102 0.6018755328218244 0.6443399921660791 0.6589940323955671 0.6443399921660791 0.6589940323955671 0.7735996866431651 0.6018755328218244 0.7735996866431651
103 0.7817561807331627 0.7148452800626715 0.8439897698209717 0.7148452800626715 0.8439897698209717 0.846063454759107 0.7817561807331627 0.846063454759107
40 0.3188405797101449 0.6462984723854289 0.3776641091219097 0.6462984723854289 0.3776641091219097 0.7794751273012143 0.3188405797101449 0.7794751273012143
69 0.18329070758738278 0.6443399921660791 0.2404092071611253 0.6443399921660791 0.2404092071611253 0.7794751273012144 0.18329070758738278 0.7794751273012144
24 0.4629156010230178 0.6443399921660791 0.5208866155157715 0.6443399921660791 0.5208866155157715 0.7833920877399139 0.4629156010230178 0.7833920877399139
22 0.9215686274509803 0.2643948296122209 0.9820971867007673 0.2643948296122209 0.9820971867007673 0.3975714845280062 0.9215686274509803 0.3975714845280062
104 0.5831202046035806 0.15471993732863298 0.6410912190963342 0.15471993732863298 0.6410912190963342 0.2859381120250685 0.5831202046035806 0.2859381120250685
104 0.3401534526854221 0.15471993732863298 0.39897698209718674 0.15471993732863298 0.39897698209718674 0.2859381120250685 0.3401534526854221 0.2859381120250685
104 0.1918158567774936 0.1488444966705836 0.25234441602728047 0.1488444966705836 0.25234441602728047 0.2898550724637682 0.1918158567774936 0.2898550724637682
