109 0.1623091841841842 0.2012012012012012 0.20607795295295292 0.2012012012012012 0.20607795295295292 0.2777777777777778 0.1623091841841842 0.2777777777777778
91 0.7978681806806805 0.35435435435435436 0.8416369494494493 0.35435435435435436 0.8416369494494493 0.42492492492492495 0.7978681806806805 0.42492492492492495
91 0.2753785035035035 0.1966966966966967 0.3191472722722723 0.1966966966966967 0.3191472722722723 0.2672672672672673 0.2753785035035035 0.2672672672672673
91 0.46869056556556515 0.3408408408408407 0.5270489239239239 0.3408408408408407 0.5270489239239239 0.43843843843843844 0.46869056556556515 0.43843843843843844
91 0.6309997497497497 0.0960960960960961 0.6747685185185185 0.0960960960960961 0.6747685185185185 0.16666666666666669 0.6309997497497497 0.16666666666666669
91 0.6847988613613613 0.2042042042042042 0.7285676301301299 0.2042042042042042 0.7285676301301299 0.27477477477477474 0.6847988613613613 0.27477477477477474
91 0.6829751626626626 0.36786786786786785 0.7267439314314312 0.36786786786786785 0.7267439314314312 0.43843843843843844 0.6829751626626626 0.43843843843843844
69 0.7896615365365366 0.1876876876876877 0.8334303053053053 0.1876876876876877 0.8334303053053053 0.2597597597597598 0.7896615365365366 0.2597597597597598
69 0.38388857607607607 0.1951951951951952 0.42765734484484486 0.1951951951951952 0.42765734484484486 0.2672672672672673 0.38388857607607607 0.2672672672672673
69 0.5717295420420421 0.1951951951951952 0.6154983108108107 0.1951951951951952 0.6154983108108107 0.2672672672672673 0.5717295420420421 0.2672672672672673
55 0.7531875625625627 0.2732732732732733 0.78510228978979 0.2732732732732733 0.78510228978979 0.31681681681681684 0.7531875625625627 0.31681681681681684
55 0.33008946446446447 0.5480480480480481 0.37203453453453456 0.5480480480480481 0.37203453453453456 0.6126126126126125 0.33008946446446447 0.6126126126126125
87 0.707595095095095 0.8363363363363363 0.7495401651651651 0.8363363363363363 0.7495401651651651 0.9039039039039037 0.707595095095095 0.9039039039039037
87 0.23069788538538535 0.6081081081081081 0.2708192567567567 0.6081081081081081 0.2708192567567567 0.6756756756756757 0.23069788538538535 0.6756756756756757
9 0.6373826951951952 0.5720720720720721 0.6802396146146147 0.5720720720720721 0.6802396146146147 0.6381381381381381 0.6373826951951952 0.6381381381381381
81 0.7705127002002002 0.5990990990990991 0.8106340715715716 0.5990990990990991 0.8106340715715716 0.6666666666666666 0.7705127002002002 0.6666666666666666
87 0.5069882382382381 0.569069069069069 0.5489333083083083 0.569069069069069 0.5489333083083083 0.6366366366366364 0.5069882382382381 0.6366366366366364
91 0.4878394019019019 0.1951951951951952 0.5316081706706707 0.1951951951951952 0.5316081706706707 0.2657657657657658 0.4878394019019019 0.2657657657657658
