48 0.18506910609525706 0.215929203539823 0.23777866162871628 0.215929203539823 0.23777866162871628 0.2920353982300885 0.18506910609525706 0.2920353982300885
90 0.3361698319578403 0.005309734513274335 0.3877080640350005 0.005309734513274335 0.3877080640350005 0.08495575221238937 0.3361698319578403 0.08495575221238937
41 0.4931271751019191 0.215929203539823 0.5446654071790793 0.215929203539823 0.5446654071790793 0.2938053097345133 0.4931271751019191 0.2938053097345133
41 0.8105558317589739 0.21415929203539824 0.8620940638361341 0.21415929203539824 0.8620940638361341 0.29557522123893804 0.8105558317589739 0.29557522123893804
41 0.1792124888137616 0.38761061946902653 0.2436352789102118 0.38761061946902653 0.2436352789102118 0.48318584070796466 0.1792124888137616 0.48318584070796466
41 0.8035278910211795 0.38761061946902653 0.8702933280302277 0.38761061946902653 0.8702933280302277 0.48318584070796466 0.8035278910211795 0.48318584070796466
41 0.09136322959132943 0.6106194690265486 0.15929999005667697 0.6106194690265486 0.15929999005667697 0.7079646017699115 0.09136322959132943 0.7079646017699115
41 0.26589042457989465 0.6106194690265486 0.33265586158894306 0.6106194690265486 0.33265586158894306 0.7079646017699115 0.26589042457989465 0.7079646017699115
41 0.44158894302475893 0.6212389380530974 0.5095257034901064 0.6212389380530974 0.5095257034901064 0.7256637168141593 0.44158894302475893 0.7256637168141593
41 0.5809764343243513 0.6212389380530974 0.6500845182459978 0.6212389380530974 0.6500845182459978 0.7256637168141593 0.5809764343243513 0.7256637168141593
41 0.7437903947499254 0.6247787610619469 0.8082131848463756 0.6247787610619469 0.8082131848463756 0.7256637168141593 0.7437903947499254 0.7256637168141593
41 0.8831778860495179 0.6230088495575221 0.9476006761459681 0.6230088495575221 0.9476006761459681 0.7256637168141593 0.8831778860495179 0.7256637168141593
91 0.4954698220145173 0.39469026548672564 0.5423227602664811 0.39469026548672564 0.5423227602664811 0.47256637168141596 0.4954698220145173 0.47256637168141596
