23 0.8122151321786691 0.8206006335712164 0.8568824065633547 0.8206006335712164 0.8568824065633547 0.8908575371303958 0.8122151321786691 0.8908575371303958
24 0.348222424794895 0.8262211858559511 0.3928896991795807 0.8262211858559511 0.3928896991795807 0.8922626752015796 0.348222424794895 0.8922626752015796
24 0.8659981768459434 0.4412133543516471 0.910665451230629 0.4412133543516471 0.910665451230629 0.5072548436972758 0.8659981768459434 0.5072548436972758
24 0.8878760255241567 0.8220057716424002 0.9325432999088424 0.8220057716424002 0.9325432999088424 0.8880472609880288 0.8878760255241567 0.8880472609880288
24 0.617137648131267 0.8234109097135838 0.6618049225159527 0.8234109097135838 0.6618049225159527 0.8894523990592124 0.617137648131267 0.8894523990592124
23 0.7538742023701004 0.43699794013809634 0.7985414767547859 0.43699794013809634 0.7985414767547859 0.5072548436972758 0.7538742023701004 0.5072548436972758
23 0.2743846855059254 0.8262211858559507 0.3190519598906109 0.8262211858559507 0.3190519598906109 0.8964780894151302 0.2743846855059254 0.8964780894151302
23 0.5423883318140383 0.8206006335712164 0.5870556061987239 0.8206006335712164 0.5870556061987239 0.8908575371303958 0.5423883318140383 0.8908575371303958
69 0.8486782133090246 0.6604148934562872 0.8942570647219691 0.6604148934562872 0.8942570647219691 0.7419129015849353 0.8486782133090246 0.7419129015849353
69 0.3099361896080219 0.6618200315274707 0.3555150410209663 0.6618200315274707 0.3555150410209663 0.7433180396561189 0.3099361896080219 0.7433180396561189
69 0.7958067456700091 0.3119406518027569 0.8413855970829536 0.3119406518027569 0.8413855970829536 0.3934386599314049 0.7958067456700091 0.3934386599314049
91 0.544211485870556 0.42997224978217846 0.5934366453965361 0.42997224978217846 0.5934366453965361 0.5128753959820104 0.544211485870556 0.5128753959820104
92 0.6125797629899726 0.43840307820928004 0.659070191431176 0.43840307820928004 0.659070191431176 0.510065119839643 0.6125797629899726 0.510065119839643
69 0.5806745670009116 0.6618200315274707 0.6262534184138561 0.6618200315274707 0.6262534184138561 0.7433180396561189 0.5806745670009116 0.7433180396561189
81 0.41385597082953507 0.43840307820928004 0.45943482224247956 0.43840307820928004 0.45943482224247956 0.5086599817684594 0.41385597082953507 0.5086599817684594
