69 0.39079268743986384 0.5123859191655802 0.47596545265111617 0.5123859191655802 0.47596545265111617 0.5997392438070405 0.39079268743986384 0.5997392438070405
69 0.3895401467749925 0.7183833116036505 0.47596545265111617 0.7183833116036505 0.47596545265111617 0.801825293350717 0.3895401467749925 0.801825293350717
69 0.6563313083925918 0.7275097783572361 0.7440091549335869 0.7275097783572361 0.7440091549335869 0.8174706649282921 0.6563313083925918 0.8174706649282921
102 0.5248145385810992 0.726205997392438 0.6099873037923517 0.726205997392438 0.6099873037923517 0.8187744458930901 0.5248145385810992 0.8187744458930901
2 0.2580233769634998 0.7105606258148631 0.3469537641693663 0.7105606258148631 0.3469537641693663 0.8031290743155148 0.2580233769634998 0.8031290743155148
2 0.2555182956337571 0.5071707953063885 0.34444868283962354 0.5071707953063885 0.34444868283962354 0.5997392438070405 0.2555182956337571 0.5997392438070405
40 0.7891006188689557 0.6688396349413298 0.8805360874045649 0.6688396349413298 0.8805360874045649 0.75619295958279 0.7891006188689557 0.75619295958279
91 0.5223094572513565 0.28552803129074317 0.611239844457223 0.28552803129074317 0.611239844457223 0.3715775749674054 0.5223094572513565 0.3715775749674054
22 0.3882876061101211 0.3050847457627119 0.478470533980859 0.3050847457627119 0.478470533980859 0.3924380704041721 0.3882876061101211 0.3924380704041721
115 0.2555182956337571 0.33116036505867014 0.34444868283962354 0.33116036505867014 0.34444868283962354 0.42633637548891784 0.2555182956337571 0.42633637548891784
94 0.5235619979162278 0.4732724902216427 0.6112398444572229 0.4732724902216427 0.6112398444572229 0.5619295958279009 0.5235619979162278 0.5619295958279009
31 0.25426575496888576 0.16036505867014342 0.34444868283962354 0.16036505867014342 0.34444868283962354 0.2503259452411995 0.25426575496888576 0.2503259452411995
