69 0.33272561531449407 0.15504019694183935 0.3938012762078395 0.15504019694183935 0.3938012762078395 0.25157465918864497 0.33272561531449407 0.25157465918864497
50 0.0884229717411121 0.09945974898155731 0.1504102096627165 0.09945974898155731 0.1504102096627165 0.19160628112623543 0.0884229717411121 0.19160628112623543
55 0.7274384685505926 0.28229016990353767 0.7885141294439381 0.28229016990353767 0.7885141294439381 0.38174991888509496 0.7274384685505926 0.38174991888509496
55 0.5414767547857794 0.08922124540992642 0.6025524156791249 0.08922124540992642 0.6025524156791249 0.18868099439148375 0.5414767547857794 0.18868099439148375
91 0.3309024612579762 0.586519990317713 0.3947128532360982 0.586519990317713 0.3947128532360982 0.6859797392992703 0.3309024612579762 0.6859797392992703
91 0.5907019143117593 0.30276717704679945 0.6545123062898814 0.30276717704679945 0.6545123062898814 0.40222692602835675 0.5907019143117593 0.40222692602835675
91 0.8769371011850501 0.28082752653616183 0.9407474931631721 0.28082752653616183 0.9407474931631721 0.3802872755177191 0.8769371011850501 0.3802872755177191
91 0.795806745670009 0.5748188433787063 0.8596171376481311 0.5748188433787063 0.8596171376481311 0.6742785923602637 0.795806745670009 0.6742785923602637
23 0.4439380127620784 0.6757412357276393 0.5059252506836828 0.6757412357276393 0.5059252506836828 0.7752009847091967 0.4439380127620784 0.7752009847091967
87 0.4448495897903373 0.8366320061389821 0.5059252506836828 0.8366320061389821 0.5059252506836828 0.9287785382836602 0.4448495897903373 0.9287785382836602
