113 0.6066927422859626 0.4315514993481095 0.6353759235115167 0.4315514993481095 0.6353759235115167 0.47196870925684486 0.6066927422859626 0.47196870925684486
1 0.18600608431116905 0.37027379400260757 0.21295089091699265 0.37027379400260757 0.21295089091699265 0.41329856584093877 0.18600608431116905 0.41329856584093877
57 0.18600608431116905 0.6153846153846154 0.2138200782268579 0.6153846153846154 0.2138200782268579 0.654498044328553 0.18600608431116905 0.654498044328553
22 0.11386353759235116 0.37157757496740546 0.1408083441981747 0.37157757496740546 0.1408083441981747 0.41329856584093877 0.11386353759235116 0.41329856584093877
91 0.15036940460669274 0.3050847457627119 0.17905258583224684 0.3050847457627119 0.17905258583224684 0.34419817470664926 0.15036940460669274 0.34419817470664926
91 0.33463711429813126 0.423728813559322 0.36332029552368533 0.423728813559322 0.36332029552368533 0.46153846153846156 0.33463711429813126 0.46153846153846156
60 0.7561929595827901 0.4211212516297262 0.7831377661886136 0.4211212516297262 0.7831377661886136 0.4602346805736637 0.7561929595827901 0.4602346805736637
43 0.6397218600608431 0.4680573663624511 0.6675358539765319 0.4680573663624511 0.6675358539765319 0.5084745762711864 0.6397218600608431 0.5084745762711864
51 0.6388526727509778 0.5541069100391134 0.6666666666666666 0.5541069100391134 0.6666666666666666 0.5958279009126467 0.6388526727509778 0.5958279009126467
69 0.1842677096914385 0.5136897001303781 0.21295089091699262 0.5136897001303781 0.21295089091699262 0.5554106910039114 0.1842677096914385 0.5554106910039114
69 0.4293785310734463 0.5084745762711864 0.45719252498913515 0.5084745762711864 0.45719252498913515 0.5541069100391134 0.4293785310734463 0.5541069100391134
69 0.7544545849630595 0.4941329856584094 0.7831377661886136 0.4941329856584094 0.7831377661886136 0.5371577574967404 0.7544545849630595 0.5371577574967404
24 0.7553237722729248 0.5736636245110821 0.7831377661886136 0.5736636245110821 0.7831377661886136 0.6114732724902218 0.7553237722729248 0.6114732724902218
104 0.39895697522816165 0.46675358539765327 0.4276401564537158 0.46675358539765327 0.4276401564537158 0.5084745762711865 0.39895697522816165 0.5084745762711865
40 0.33550630160799655 0.5110821382007823 0.3615819209039548 0.5110821382007823 0.3615819209039548 0.5541069100391134 0.33550630160799655 0.5541069100391134
2 0.1121251629726206 0.5123859191655802 0.1408083441981747 0.5123859191655802 0.1408083441981747 0.5554106910039114 0.1121251629726206 0.5554106910039114
31 0.11299435028248589 0.6153846153846154 0.13993915688830946 0.6153846153846154 0.13993915688830946 0.654498044328553 0.11299435028248589 0.654498044328553
