8 0.23160729333457825 0.09647979139504559 0.3009071133874443 0.09647979139504559 0.3009071133874443 0.19687092568448497 0.23160729333457825 0.19687092568448497
91 0.3820608500283005 0.09908735332464146 0.4486251508685532 0.09908735332464146 0.4486251508685532 0.19687092568448497 0.3820608500283005 0.19687092568448497
91 0.8671595903983621 0.48370273794002605 0.9346357309761526 0.48370273794002605 0.9346357309761526 0.5827900912646675 0.8671595903983621 0.5827900912646675
40 0.5671643167484556 0.09778357235984353 0.6355522970637837 0.09778357235984353 0.6355522970637837 0.19426336375488912 0.5671643167484556 0.19426336375488912
13 0.5771945538613704 0.29726205997392435 0.6428470149640855 0.29726205997392435 0.6428470149640855 0.39374185136897 0.5771945538613704 0.39374185136897
13 0.688439001840971 0.29726205997392435 0.7559151424187616 0.29726205997392435 0.7559151424187616 0.39374185136897 0.688439001840971 0.39374185136897
31 0.059269582939951146 0.5202086049543677 0.12401020430512855 0.5202086049543677 0.12401020430512855 0.6179921773142112 0.059269582939951146 0.6179921773142112
2 0.23251913307211605 0.5136897001303781 0.301818953124982 0.5136897001303781 0.301818953124982 0.6127770534550195 0.23251913307211605 0.6127770534550195
69 0.37932533081568726 0.5149934810951761 0.44588963165594014 0.5149934810951761 0.44588963165594014 0.6101694915254238 0.37932533081568726 0.6101694915254238
9 0.5662524770109179 0.5136897001303781 0.634640457326246 0.5136897001303781 0.634640457326246 0.6140808344198174 0.5662524770109179 0.6140808344198174
43 0.7449730655683091 0.6127770534550195 0.8133610458836373 0.6127770534550195 0.8133610458836373 0.714471968709257 0.7449730655683091 0.714471968709257
