48 0.40114005033200933 0.3846153846153847 0.4660865346714774 0.3846153846153847 0.4660865346714774 0.44589308996088656 0.40114005033200933 0.44589308996088656
22 0.7233255510748612 0.26597131681877445 0.7882720354143294 0.26597131681877445 0.7882720354143294 0.33246414602346813 0.7233255510748612 0.33246414602346813
91 0.7258724720293501 0.5176010430247718 0.7869985749370849 0.5176010430247718 0.7869985749370849 0.5893089960886571 0.7258724720293501 0.5893089960886571
41 0.3425608683787635 0.4928292046936115 0.4100542736727206 0.4928292046936115 0.4100542736727206 0.5645371577574968 0.3425608683787635 0.5645371577574968
41 0.4558988508535217 0.4928292046936115 0.5246657166247232 0.4928292046936115 0.5246657166247232 0.5632333767926989 0.4558988508535217 0.5632333767926989
41 0.3400139474242746 0.6375488917861799 0.41387465510445404 0.6375488917861799 0.41387465510445404 0.710560625814863 0.3400139474242746 0.710560625814863
41 0.45844577180801066 0.636245110821382 0.5272126375792121 0.636245110821382 0.5272126375792121 0.7079530638852674 0.45844577180801066 0.7079530638852674
47 0.33492010551529666 0.7900912646675359 0.39859312937752034 0.7900912646675359 0.39859312937752034 0.8552803129074317 0.33492010551529666 0.8552803129074317
86 0.4571723113307662 0.8070404172099087 0.5259391771019678 0.8070404172099087 0.5259391771019678 0.8761408083441982 0.4571723113307662 0.8761408083441982
86 0.5997998847821473 0.8044328552803129 0.6736605924623269 0.8044328552803129 0.6736605924623269 0.877444589308996 0.5997998847821473 0.877444589308996
90 0.39986658985476486 0.22946544980443284 0.46990691610321084 0.22946544980443284 0.46990691610321084 0.29595827900912647 0.39986658985476486 0.29595827900912647
102 0.12097874533822503 0.5202086049543677 0.18847215063218214 0.5202086049543677 0.18847215063218214 0.5919165580182528 0.12097874533822503 0.5919165580182528
40 0.12097874533822503 0.6492829204693612 0.18847215063218214 0.6492829204693612 0.18847215063218214 0.7209908735332465 0.12097874533822503 0.7209908735332465
98 0.11970528486098056 0.788787483702738 0.18847215063218214 0.788787483702738 0.18847215063218214 0.8552803129074316 0.11970528486098056 0.8552803129074316
24 0.11970528486098056 0.37809647979139505 0.18974561110942664 0.37809647979139505 0.18974561110942664 0.4524119947848762 0.11970528486098056 0.4524119947848762
