69 0.31175934366453967 0.21010137010712743 0.3527803099361896 0.21010137010712743 0.3527803099361896 0.2774621147216263 0.31175934366453967 0.2774621147216263
69 0.31175934366453967 0.41699508570880256 0.3527803099361896 0.41699508570880256 0.3527803099361896 0.4891673120814799 0.31175934366453967 0.4891673120814799
91 0.1385597082953509 0.10745642593265296 0.17958067456700083 0.10745642593265296 0.17958067456700083 0.18444013406350876 0.1385597082953509 0.18444013406350876
91 0.6736554238833182 0.14915593450353323 0.7183226982680038 0.14915593450353323 0.7183226982680038 0.23095112439256757 0.6736554238833182 0.23095112439256757
91 0.757520510483136 0.4891673120814799 0.8021877848678215 0.4891673120814799 0.8021877848678215 0.5693586747177881 0.757520510483136 0.5693586747177881
55 0.8933454876937101 0.6287002830686561 0.935278030993619 0.6287002830686561 0.935278030993619 0.7008725094413334 0.8933454876937101 0.7008725094413334
69 0.8924339106654512 0.7874791810885463 0.9343664539653601 0.7874791810885463 0.9343664539653601 0.8580475802084976 0.8924339106654512 0.8580475802084976
96 0.38012762078395623 0.724929918232226 0.42570647219690066 0.724929918232226 0.42570647219690066 0.7987059718576295 0.38012762078395623 0.7987059718576295
86 0.38195077484047407 0.8949356070211993 0.42479489516864183 0.8949356070211993 0.42479489516864183 0.9639001788884243 0.38195077484047407 0.9639001788884243
86 0.3828623518687329 0.5998313925195852 0.42570647219690066 0.5998313925195852 0.42570647219690066 0.6687959643868101 0.3828623518687329 0.6687959643868101
91 0.1340018231540565 0.3496343410943037 0.17866909753874205 0.3496343410943037 0.17866909753874205 0.4266180492251596 0.1340018231540565 0.4266180492251596
