69 0.893186213172563 0.7835723598435462 0.9353315891252418 0.7835723598435462 0.9353315891252418 0.8565840938722294 0.893186213172563 0.8565840938722294
55 0.893186213172563 0.6271186440677966 0.9353315891252418 0.6271186440677966 0.9353315891252418 0.7027379400260756 0.893186213172563 0.7027379400260756
91 0.7586167671482198 0.48500651890482405 0.8037197133431919 0.48500651890482405 0.8037197133431919 0.5658409387222947 0.7586167671482198 0.5658409387222947
91 0.1353088385849164 0.3455019556714472 0.18041178477988853 0.3455019556714472 0.18041178477988853 0.42633637548891784 0.1353088385849164 0.42633637548891784
91 0.6721078375611421 0.14993481095176012 0.7172107837561142 0.14993481095176012 0.7172107837561142 0.23076923076923078 0.6721078375611421 0.23076923076923078
86 0.3807871686952565 0.6010430247718384 0.4251507223296554 0.6010430247718384 0.4251507223296554 0.6701434159061278 0.3807871686952565 0.6701434159061278
50 0.13752701626663635 0.10691003911342895 0.18041178477988856 0.10691003911342895 0.18041178477988856 0.18513689700130379 0.13752701626663635 0.18513689700130379
96 0.3120236605619383 0.41590612777053443 0.3526902513934707 0.41590612777053443 0.3526902513934707 0.49022164276401564 0.3120236605619383 0.49022164276401564
69 0.31202366056193837 0.20990873533246415 0.3519508588328974 0.20990873533246415 0.3519508588328974 0.27640156453715775 0.31202366056193837 0.27640156453715775
96 0.3807871686952565 0.7222946544980444 0.4251507223296554 0.7222946544980444 0.4251507223296554 0.8005215123859192 0.3807871686952565 0.8005215123859192
