115 0.8720386682354437 0.18252933507170796 0.9255572868636118 0.18252933507170796 0.9255572868636118 0.2503259452411995 0.8720386682354437 0.2503259452411995
91 0.8699398988774764 0.3116036505867014 0.9245079021846282 0.3116036505867014 0.9245079021846282 0.3807040417209909 0.8699398988774764 0.3807040417209909
81 0.8720386682354437 0.45371577574967403 0.9245079021846282 0.45371577574967403 0.9245079021846282 0.5215123859191656 0.8720386682354437 0.5215123859191656
57 0.8730880529144275 0.5840938722294654 0.9245079021846282 0.5840938722294654 0.9245079021846282 0.6479791395045631 0.8730880529144275 0.6479791395045631
10 0.4627786434318059 0.36766623207301175 0.5016058765542023 0.36766623207301175 0.5016058765542023 0.4132985658409388 0.4627786434318059 0.4132985658409388
10 0.4627786434318059 0.5919165580182529 0.5016058765542023 0.5919165580182529 0.5016058765542023 0.6427640156453716 0.4627786434318059 0.6427640156453716
41 0.32006232709002447 0.37809647979139505 0.3725315610392088 0.37809647979139505 0.3725315610392088 0.438070404172099 0.32006232709002447 0.438070404172099
41 0.586606035551881 0.37157757496740546 0.6422234235380163 0.37157757496740546 0.6422234235380163 0.4367666232073012 0.586606035551881 0.4367666232073012
41 0.32321048112697554 0.5971316818774446 0.3735809457181925 0.5971316818774446 0.3735809457181925 0.6636245110821382 0.32321048112697554 0.6636245110821382
41 0.586606035551881 0.6010430247718384 0.6401246541800489 0.6010430247718384 0.6401246541800489 0.6649282920469363 0.586606035551881 0.6649282920469363
0 0.4638280281107896 0.1121251629726206 0.5058034152701372 0.1121251629726206 0.5058034152701372 0.16558018252933507 0.4638280281107896 0.16558018252933507
9 0.6380258848220816 0.8357235984354628 0.6831494260183801 0.8357235984354628 0.6831494260183801 0.8917861799217732 0.6380258848220816 0.8917861799217732
9 0.2686424778198238 0.8357235984354628 0.3158647883740897 0.8357235984354628 0.3158647883740897 0.8891786179921773 0.2686424778198238 0.8891786179921773
113 0.1427163163417814 0.08213820078226858 0.18049416478519412 0.08213820078226858 0.18049416478519412 0.1290743155149935 0.1427163163417814 0.1290743155149935
