69 0.10274790919952208 0.44603743528474704 0.16606929510155313 0.44603743528474704 0.16606929510155313 0.5522368246382583 0.10274790919952208 0.5522368246382583
69 0.8351254480286737 0.6499402628434886 0.898446833930705 0.6499402628434886 0.898446833930705 0.7582636399840701 0.8351254480286737 0.7582636399840701
40 0.10394265232974911 0.6478162750564185 0.16487455197132622 0.6478162750564185 0.16487455197132622 0.7540156644099296 0.10394265232974911 0.7540156644099296
91 0.3859020310633214 0.4439134474976768 0.4456391875746715 0.4439134474976768 0.4456391875746715 0.5543608124253285 0.3859020310633214 0.5543608124253285
91 0.6786140979689367 0.4439134474976768 0.7395459976105137 0.4439134474976768 0.7395459976105137 0.5543608124253285 0.6786140979689367 0.5543608124253285
55 0.5221027479091995 0.44603743528474704 0.5818399044205496 0.44603743528474704 0.5818399044205496 0.5543608124253284 0.5221027479091995 0.5543608124253284
103 0.6774193548387096 0.6499402628434886 0.7383512544802867 0.6499402628434886 0.7383512544802867 0.756139652197 0.6774193548387096 0.756139652197
87 0.8351254480286737 0.24001061993893533 0.898446833930705 0.24001061993893533 0.898446833930705 0.35045798486658697 0.8351254480286737 0.35045798486658697
8 0.8363201911589009 0.44603743528474704 0.897252090800478 0.44603743528474704 0.897252090800478 0.5501128368511882 0.8363201911589009 0.5501128368511882
66 0.24850657108721624 0.44603743528474704 0.3094384707287933 0.44603743528474704 0.3094384707287933 0.5543608124253284 0.24850657108721624 0.5543608124253284
