41 0.275175644028103 0.24843344515475663 0.3208430913348947 0.24843344515475663 0.3208430913348947 0.3133109690486739 0.275175644028103 0.3133109690486739
41 0.27634660421545665 0.6867523260965883 0.32201405152224827 0.6867523260965883 0.32201405152224827 0.7500474713589467 0.27634660421545665 0.7500474713589467
41 0.43559718969555034 0.310146211785556 0.48360655737704916 0.310146211785556 0.48360655737704916 0.37660611431103225 0.43559718969555034 0.37660611431103225
41 0.6100702576112412 0.3148933476802329 0.6604215456674473 0.3148933476802329 0.6604215456674473 0.37818849294259127 0.6100702576112412 0.37818849294259127
41 0.43559718969555034 0.7373884423064752 0.4824355971896955 0.7373884423064752 0.4824355971896955 0.8038483448319514 0.43559718969555034 0.8038483448319514
41 0.6100702576112412 0.7342236850433571 0.6615925058548009 0.7342236850433571 0.6615925058548009 0.8038483448319513 0.6100702576112412 0.8038483448319513
115 0.1053864168618267 0.3417937844167352 0.14637002341920374 0.3417937844167352 0.14637002341920374 0.3955946578897398 0.1053864168618267 0.3955946578897398
24 0.1053864168618267 0.6345338312551427 0.14988290398126464 0.6345338312551427 0.14988290398126464 0.6914994619912652 0.1053864168618267 0.6914994619912652
22 0.10421545667447309 0.504778783467308 0.1451990632318501 0.504778783467308 0.1451990632318501 0.5617444142034306 0.10421545667447309 0.5617444142034306
57 0.10655737704918032 0.7658712576745361 0.14988290398126464 0.7658712576745361 0.14988290398126464 0.8212545097790999 0.10655737704918032 0.8212545097790999
90 0.10421545667447309 0.17722640673460344 0.14637002341920374 0.17722640673460344 0.14637002341920374 0.232609658839167 0.10421545667447309 0.232609658839167
48 0.36065573770491804 0.5079435407304259 0.40046838407494145 0.5079435407304259 0.40046838407494145 0.5601620355718716 0.36065573770491804 0.5601620355718716
48 0.5374707259953162 0.5079435407304259 0.5772833723653396 0.5079435407304259 0.5772833723653396 0.5585796569403126 0.5374707259953162 0.5585796569403126
10 0.4320843091334894 0.5000316475726312 0.4765807962529274 0.5000316475726312 0.4765807962529274 0.5569972783087537 0.4320843091334894 0.5569972783087537
10 0.6135831381733021 0.5016140262041902 0.6557377049180327 0.5016140262041902 0.6557377049180327 0.5554148996771947 0.6135831381733021 0.5554148996771947
91 0.9156908665105387 0.5206025697828977 0.9543325526932083 0.5206025697828977 0.9543325526932083 0.5744034432559022 0.9156908665105387 0.5744034432559022
86 0.825526932084309 0.3955946578897398 0.8641686182669787 0.3955946578897398 0.8641686182669787 0.4446483954680675 0.825526932084309 0.4446483954680675
86 0.8231850117096019 0.6804228115703527 0.8665105386416861 0.6804228115703527 0.8665105386416861 0.7342236850433571 0.8231850117096019 0.7342236850433571
47 0.7259953161592506 0.28957528957528955 0.7740046838407494 0.28957528957528955 0.7740046838407494 0.351288056206089 0.7259953161592506 0.351288056206089
47 0.728337236533958 0.7690360149376542 0.7751756440281031 0.7690360149376542 0.7751756440281031 0.8291664029368946 0.728337236533958 0.8291664029368946
113 0.20960187353629978 0.13766694094562945 0.24004683840749413 0.13766694094562945 0.24004683840749413 0.1708968922083676 0.20960187353629978 0.1708968922083676
