22 0.6874309966989375 0.16036505867014342 0.7562928236566895 0.16036505867014342 0.7562928236566895 0.23728813559322032 0.6874309966989375 0.23728813559322032
91 0.6957419068490108 0.40286831812255547 0.7479819135066155 0.40286831812255547 0.7479819135066155 0.46414602346805717 0.6957419068490108 0.46414602346805717
91 0.6874309966989375 0.26988265971316816 0.7586673694138533 0.26988265971316816 0.7586673694138533 0.35202086049543685 0.6874309966989375 0.35202086049543685
91 0.0 0.6805736636245111 0.07123637271491574 0.6805736636245111 0.07123637271491574 0.7588005215123859 0.0 0.7588005215123859
91 0.23389275708064022 0.8357235984354627 0.305129129795556 0.8357235984354627 0.305129129795556 0.9139504563233376 0.23389275708064022 0.9139504563233376
91 0.9260728452939054 0.6753585397653192 0.9973092180088211 0.6753585397653192 0.9973092180088211 0.753585397653194 0.9260728452939054 0.753585397653194
94 0.6957419068490112 0.4941329856584094 0.747981913506616 0.4941329856584094 0.747981913506616 0.5580182529335072 0.6957419068490112 0.5580182529335072
69 0.594823712169547 0.6936114732724902 0.661310993370135 0.6936114732724902 0.661310993370135 0.7627118644067796 0.594823712169547 0.7627118644067796
69 0.6850564509417736 0.6870925684485006 0.7586673694138534 0.6870925684485006 0.7586673694138534 0.7653194263363756 0.6850564509417736 0.7653194263363756
69 0.7919110100141473 0.6753585397653193 0.8572110183361534 0.6753585397653193 0.8572110183361534 0.7509778357235983 0.7919110100141473 0.7509778357235983
69 0.7764764625925821 0.8357235984354627 0.8489001081860797 0.8357235984354627 0.8489001081860797 0.9139504563233377 0.7764764625925821 0.9139504563233377
69 0.4689727870398624 0.6779661016949151 0.5402091597547781 0.6779661016949151 0.5402091597547781 0.7548891786179921 0.4689727870398624 0.7548891786179921
69 0.3597436822103248 0.6779661016949151 0.43335460068240444 0.6779661016949151 0.43335460068240444 0.7574967405475879 0.3597436822103248 0.7574967405475879
69 0.26238730616660655 0.6779661016949151 0.3359982246386862 0.6779661016949151 0.3359982246386862 0.7574967405475879 0.26238730616660655 0.7574967405475879
69 0.08429637437931703 0.6753585397653193 0.15553274709423284 0.6753585397653193 0.15553274709423284 0.7548891786179921 0.08429637437931703 0.7548891786179921
69 0.42979278204665866 0.44067796610169485 0.5188382479403034 0.44067796610169485 0.5188382479403034 0.5280312907431551 0.42979278204665866 0.5280312907431551
