113 0.23342269565449736 0.2529335071707953 0.26121111180384227 0.2529335071707953 0.26121111180384227 0.30117340286831806 0.23342269565449736 0.30117340286831806
113 0.22855972282836198 0.43285528031290743 0.2535692973627724 0.43285528031290743 0.2535692973627724 0.4863102998696219 0.22855972282836198 0.4863102998696219
113 0.045156176242685496 0.6975228161668839 0.07086046118082957 0.6975228161668839 0.07086046118082957 0.7496740547588007 0.045156176242685496 0.7496740547588007
113 0.045156176242685496 0.8513689700130378 0.07086046118082956 0.8513689700130378 0.07086046118082956 0.8970013037809649 0.045156176242685496 0.8970013037809649
113 0.18270883618194286 0.7861799217731421 0.20910783152382054 0.7861799217731421 0.20910783152382054 0.834419817470665 0.18270883618194286 0.834419817470665
113 0.20355014829395157 0.8657105606258149 0.2278650124246284 0.8657105606258149 0.2278650124246284 0.9139504563233377 0.20355014829395157 0.9139504563233377
113 0.451561762426855 0.2451108213820078 0.4779607577687327 0.2451108213820078 0.4779607577687327 0.2933507170795306 0.451561762426855 0.2933507170795306
113 0.5918932639810468 0.24380704041720988 0.6182922593229245 0.24380704041720988 0.6182922593229245 0.29465449804432853 0.5918932639810468 0.29465449804432853
113 0.7815492042003259 0.04823989569752282 0.8086429099459372 0.04823989569752282 0.8086429099459372 0.09517601043024773 0.7815492042003259 0.09517601043024773
113 0.7322247655352387 0.24380704041720988 0.7579290504733828 0.24380704041720988 0.7579290504733828 0.29465449804432853 0.7322247655352387 0.29465449804432853
113 0.8725562670894306 0.2451108213820078 0.8968711312201074 0.2451108213820078 0.8968711312201074 0.2933507170795306 0.8725562670894306 0.2933507170795306
113 0.6106504448818547 0.39504563233376794 0.6370494402237324 0.39504563233376794 0.6370494402237324 0.44198174706649285 0.6106504448818547 0.44198174706649285
113 0.750287236032313 0.39504563233376794 0.775991520970457 0.39504563233376794 0.775991520970457 0.4432855280312907 0.750287236032313 0.4432855280312907
113 0.8892293167790375 0.39374185136897 0.9156283121209152 0.39374185136897 0.9156283121209152 0.4445893089960887 0.8892293167790375 0.4445893089960887
113 0.536316431682357 0.7209908735332465 0.5641048478317019 0.7209908735332465 0.5641048478317019 0.7679269882659714 0.536316431682357 0.7679269882659714
48 0.4828237305948681 0.2816166883963494 0.49671793866954056 0.2816166883963494 0.49671793866954056 0.30378096479791394 0.4828237305948681 0.30378096479791394
48 0.6224605217453263 0.2803129074315515 0.6370494402237324 0.2803129074315515 0.6370494402237324 0.3063885267275098 0.6224605217453263 0.3063885267275098
48 0.7634867337032517 0.2803129074315515 0.7794650729891252 0.2803129074315515 0.7794650729891252 0.303780964797914 0.7634867337032517 0.303780964797914
48 0.5015809114956759 0.42894393741851367 0.5154751195703483 0.42894393741851367 0.5154751195703483 0.45501955671447203 0.5015809114956759 0.45501955671447203
48 0.6419124130498676 0.4276401564537158 0.6551119107208064 0.4276401564537158 0.6551119107208064 0.45241199478487615 0.6419124130498676 0.45241199478487615
48 0.7829386250077932 0.42633637548891784 0.7954434122749984 0.42633637548891784 0.7954434122749984 0.4524119947848762 0.7829386250077932 0.4524119947848762
48 0.6453859650685357 0.7444589308996089 0.6662272771805445 0.7444589308996089 0.6662272771805445 0.7809647979139505 0.6453859650685357 0.7809647979139505
110 0.3438816498481434 0.788787483702738 0.37931188043855824 0.788787483702738 0.37931188043855824 0.8604954367666232 0.3438816498481434 0.8604954367666232
99 0.019451891304541447 0.4276401564537158 0.03820907220534927 0.4276401564537158 0.03820907220534927 0.4667535853976532 0.019451891304541447 0.4667535853976532
91 0.07433401319949767 0.2503259452411995 0.1021224293488426 0.2503259452411995 0.1021224293488426 0.31421121251629724 0.07433401319949767 0.31421121251629724
96 0.5001914906882086 0.27640156453715775 0.5154751195703482 0.27640156453715775 0.5154751195703482 0.3050847457627119 0.5001914906882086 0.3050847457627119
96 0.641217702646134 0.2803129074315515 0.6537224899133391 0.2803129074315515 0.6537224899133391 0.3050847457627119 0.641217702646134 0.3050847457627119
96 0.7815492042003259 0.2777053455019557 0.7954434122749984 0.2777053455019557 0.7954434122749984 0.3050847457627119 0.7815492042003259 0.3050847457627119
96 0.5182539611852828 0.42633637548891784 0.5321481692599552 0.42633637548891784 0.5321481692599552 0.4563233376792699 0.5182539611852828 0.4563233376792699
96 0.6592801731432083 0.4276401564537158 0.6731743812178808 0.4276401564537158 0.6731743812178808 0.45241199478487615 0.6592801731432083 0.45241199478487615
96 0.7989169642936667 0.42503259452411996 0.812811172368339 0.42503259452411996 0.812811172368339 0.4511082138200782 0.7989169642936667 0.4511082138200782
69 0.5182539611852828 0.2790091264667536 0.5328428796636889 0.2790091264667536 0.5328428796636889 0.3050847457627119 0.5182539611852828 0.3050847457627119
69 0.6571960419320074 0.2790091264667536 0.6717849604104136 0.2790091264667536 0.6717849604104136 0.3050847457627119 0.6571960419320074 0.3050847457627119
69 0.7989169642936667 0.2790091264667536 0.812811172368339 0.2790091264667536 0.812811172368339 0.3063885267275098 0.7989169642936667 0.3063885267275098
69 0.5384005628935579 0.42633637548891784 0.549515929353296 0.42633637548891784 0.549515929353296 0.4563233376792699 0.5384005628935579 0.4563233376792699
69 0.6752585124290816 0.42894393741851367 0.6919315621186886 0.42894393741851367 0.6919315621186886 0.45371577574967403 0.6752585124290816 0.45371577574967403
69 0.8169794347907406 0.42894393741851367 0.8294842220579458 0.42894393741851367 0.8294842220579458 0.45241199478487615 0.8169794347907406 0.45241199478487615
38 0.7836333354115268 0.8970013037809648 0.8135058827720727 0.8970013037809648 0.8135058827720727 0.9491525423728815 0.7836333354115268 0.9491525423728815
