91 0.02319236016371078 0.08121094003767945 0.08253751705320599 0.08121094003767945 0.08253751705320599 0.21552134086922625 0.02319236016371078 0.21552134086922625
91 0.7796725784447477 0.42791918404469553 0.8390177353342428 0.42791918404469553 0.8390177353342428 0.5684765802637562 0.7796725784447477 0.5684765802637562
92 0.022510231923601638 0.42791918404469553 0.08253751705320599 0.42791918404469553 0.08253751705320599 0.5637913337231208 0.022510231923601638 0.5637913337231208
69 0.18144611186903137 0.6434405249139218 0.2421555252387449 0.6434405249139218 0.2421555252387449 0.7793126745923471 0.18144611186903137 0.7793126745923471
24 0.4624829467939973 0.6470447606054699 0.5211459754433834 0.6470447606054699 0.5211459754433834 0.7797934125901381 0.4624829467939973 0.7797934125901381
40 0.32060027285129605 0.6423595140648346 0.38062755798090037 0.6423595140648346 0.38062755798090037 0.782916910283895 0.32060027285129605 0.782916910283895
102 0.5995907230559345 0.6423595140648346 0.660982264665757 0.6423595140648346 0.660982264665757 0.7782316637432597 0.5995907230559345 0.7782316637432597
103 0.7837653478854024 0.7141999610212433 0.8424283765347885 0.7141999610212433 0.8424283765347885 0.851633859546547 0.7837653478854024 0.851633859546547
22 0.9229195088676673 0.2654973039693367 0.9815825375170533 0.2654973039693367 0.9815825375170533 0.4029312024946403 0.9229195088676673 0.4029312024946403
104 0.1937244201909959 0.15148963814720975 0.252387448840382 0.15148963814720975 0.252387448840382 0.2889235366725134 0.1937244201909959 0.2889235366725134
104 0.33969986357435206 0.15305138699408818 0.39972714870395637 0.15305138699408818 0.39972714870395637 0.2889235366725134 0.33969986357435206 0.2889235366725134
104 0.582537517053206 0.14992788930033132 0.6425648021828104 0.14992788930033132 0.6425648021828104 0.2904852855193919 0.582537517053206 0.2904852855193919
