69 0.4443668920737245 0.33898305084745756 0.5173700243429793 0.33898305084745756 0.5173700243429793 0.42894393741851367 0.4443668920737245 0.42894393741851367
69 0.44648292489312313 0.559322033898305 0.5184280407526786 0.559322033898305 0.5184280407526786 0.6492829204693612 0.44648292489312313 0.6492829204693612
69 0.44648292489312313 0.7809647979139505 0.5173700243429792 0.7809647979139505 0.5173700243429792 0.8683181225554109 0.44648292489312313 0.8683181225554109
40 0.633751829409907 0.7809647979139505 0.7056969452694624 0.7809647979139505 0.7056969452694624 0.8683181225554109 0.633751829409907 0.8683181225554109
107 0.6358678622293057 0.560625814863103 0.7046389288597631 0.560625814863103 0.7046389288597631 0.6453715775749674 0.6358678622293057 0.6453715775749674
50 0.4443668920737245 0.09908735332464146 0.5184280407526787 0.09908735332464146 0.5184280407526787 0.18513689700130379 0.4443668920737245 0.18513689700130379
91 0.23276361013385563 0.08604954367666232 0.3057667424031104 0.08604954367666232 0.3057667424031104 0.1864406779661017 0.23276361013385563 0.1864406779661017
88 0.633751829409907 0.2711864406779661 0.7067549616791619 0.2711864406779661 0.7067549616791619 0.35593220338983056 0.633751829409907 0.35593220338983056
88 0.6348098458196063 0.40938722294654506 0.7056969452694624 0.40938722294654506 0.7056969452694624 0.4993481095176011 0.6348098458196063 0.4993481095176011
91 0.815730651878194 0.5501955671447197 0.8950818826056449 0.5501955671447197 0.8950818826056449 0.651890482398957 0.815730651878194 0.651890482398957
