32 0.5847938939144738 0.406015037593985 0.6149002878289475 0.406015037593985 0.6149002878289475 0.4736842105263158 0.5847938939144738 0.4736842105263158
94 0.5838815789473685 0.2781954887218045 0.6139879728618421 0.2781954887218045 0.6139879728618421 0.3421052631578947 0.5838815789473685 0.3421052631578947
107 0.5181949013157895 0.4191729323308271 0.547388980263158 0.4191729323308271 0.547388980263158 0.4830827067669173 0.5181949013157895 0.4830827067669173
102 0.5829692639802632 0.6672932330827066 0.6149002878289475 0.6672932330827066 0.6149002878289475 0.731203007518797 0.5829692639802632 0.731203007518797
103 0.43882349917763164 0.7518796992481203 0.46984220805921056 0.7518796992481203 0.46984220805921056 0.8139097744360904 0.43882349917763164 0.8139097744360904
69 0.5546875 0.8609022556390977 0.5847938939144738 0.8609022556390977 0.5847938939144738 0.924812030075188 0.5546875 0.924812030075188
91 0.7070440995065791 0.7349624060150376 0.7353258634868423 0.7349624060150376 0.7353258634868423 0.798872180451128 0.7070440995065791 0.798872180451128
40 0.7928017064144739 0.7368421052631579 0.8219957853618423 0.7368421052631579 0.8219957853618423 0.7969924812030076 0.7928017064144739 0.7969924812030076
31 0.9378597861842107 0.5150375939849624 0.9679661800986843 0.5150375939849624 0.9679661800986843 0.5770676691729323 0.9378597861842107 0.5770676691729323
103 0.3028885690789474 0.34962406015037595 0.3339072779605263 0.34962406015037595 0.3339072779605263 0.40977443609022557 0.3028885690789474 0.40977443609022557
69 0.36310135690789475 0.34962406015037595 0.395032380756579 0.34962406015037595 0.395032380756579 0.41165413533834594 0.36310135690789475 0.41165413533834594
69 0.23993883634868424 0.35150375939849626 0.2700452302631579 0.35150375939849626 0.2700452302631579 0.41165413533834583 0.23993883634868424 0.41165413533834583
69 0.15691817434210528 0.43421052631578955 0.1861122532894737 0.43421052631578955 0.1861122532894737 0.49812030075187974 0.15691817434210528 0.49812030075187974
91 0.156005859375 0.3345864661654135 0.1861122532894737 0.3345864661654135 0.1861122532894737 0.3966165413533834 0.156005859375 0.3966165413533834
40 0.15691817434210528 0.5469924812030075 0.18793688322368426 0.5469924812030075 0.18793688322368426 0.6109022556390978 0.15691817434210528 0.6109022556390978
