69 0.6130687928209501 0.8252933507170794 0.6825072850033529 0.8252933507170794 0.6825072850033529 0.9191655801825294 0.6130687928209501 0.9191655801825294
97 0.8688948166508547 0.8265971316818775 0.9355923157207942 0.8265971316818775 0.9355923157207942 0.9204693611473272 0.8688948166508547 0.9204693611473272
91 0.2585670169423679 0.8279009126466754 0.3234371872706651 0.8279009126466754 0.3234371872706651 0.9217731421121252 0.2585670169423679 0.9217731421121252
23 0.025582602382990465 0.8135593220338984 0.0694384921824027 0.8135593220338984 0.0694384921824027 0.876140808344198 0.025582602382990465 0.876140808344198
30 0.20191982595146046 0.18122555410691002 0.2667899962797577 0.18122555410691002 0.2667899962797577 0.27249022164276404 0.20191982595146046 0.27249022164276404
28 0.3508471183952978 0.3116036505867014 0.41663095309441617 0.3116036505867014 0.41663095309441617 0.4067796610169492 0.3508471183952978 0.4067796610169492
29 0.5582489305716848 0.3116036505867014 0.6231191008999821 0.3116036505867014 0.6231191008999821 0.4041720990873533 0.5582489305716848 0.4041720990873533
30 0.2037471546931026 0.17992177314211216 0.2658763319089366 0.17992177314211216 0.2658763319089366 0.27249022164276404 0.2037471546931026 0.27249022164276404
26 0.6605793401036467 0.31421121251629724 0.726363174802765 0.31421121251629724 0.726363174802765 0.40417209908735324 0.6605793401036467 0.40417209908735324
26 0.45591852103972297 0.31421121251629724 0.5217023557388413 0.31421121251629724 0.5217023557388413 0.40417209908735324 0.45591852103972297 0.40417209908735324
29 0.7556004346690398 0.31290743155149936 0.8204706049973371 0.31290743155149936 0.8204706049973371 0.40547588005215124 0.7556004346690398 0.40547588005215124
102 0.29602725614603254 0.014341590612777053 0.35724276899104535 0.014341590612777053 0.35724276899104535 0.09908735332464143 0.29602725614603254 0.09908735332464143
24 0.5947955054045283 0.003911342894393742 0.6688023194410364 0.003911342894393742 0.6688023194410364 0.1016949152542373 0.5947955054045283 0.1016949152542373
46 0.9100097133378038 0.31812255541069107 0.9712252261828166 0.31812255541069107 0.9712252261828166 0.4041720990873534 0.9100097133378038 0.4041720990873534
46 0.9100097133378038 0.1290743155149935 0.9712252261828166 0.1290743155149935 0.9712252261828166 0.21512385919165583 0.9100097133378038 0.21512385919165583
