41 0.7953063885267275 0.6284224250325946 0.8318122555410691 0.6284224250325946 0.8318122555410691 0.6636245110821383 0.7953063885267275 0.6636245110821383
41 0.8539765319426337 0.6271186440677966 0.8904823989569752 0.6271186440677966 0.8904823989569752 0.6636245110821383 0.8539765319426337 0.6636245110821383
41 0.9152542372881356 0.6297262059973925 0.9504563233376793 0.6297262059973925 0.9504563233376793 0.6662320730117341 0.9152542372881356 0.6662320730117341
113 0.8044328552803129 0.817470664928292 0.8461538461538461 0.817470664928292 0.8461538461538461 0.8552803129074316 0.8044328552803129 0.8552803129074316
113 0.8044328552803129 0.8930899608865711 0.8435462842242503 0.8930899608865711 0.8435462842242503 0.9295958279009126 0.8044328552803129 0.9295958279009126
110 0.6531942633637549 0.8070404172099087 0.6975228161668839 0.8070404172099087 0.6975228161668839 0.8539765319426336 0.6531942633637549 0.8539765319426336
114 0.27249022164276404 0.6584093872229465 0.3089960886571056 0.6584093872229465 0.3089960886571056 0.6949152542372882 0.27249022164276404 0.6949152542372882
114 0.43676662320730114 0.6597131681877445 0.4732724902216427 0.6597131681877445 0.4732724902216427 0.6910039113428943 0.43676662320730114 0.6910039113428943
48 0.3650586701434159 0.3559322033898305 0.41329856584093877 0.3559322033898305 0.41329856584093877 0.4002607561929596 0.3650586701434159 0.4002607561929596
113 0.2151238591916558 0.2542372881355932 0.25554106910039115 0.2542372881355932 0.25554106910039115 0.29465449804432853 0.2151238591916558 0.29465449804432853
38 0.6597131681877445 0.4028683181225554 0.6910039113428943 0.4028683181225554 0.6910039113428943 0.43546284224250326 0.6597131681877445 0.43546284224250326
100 0.6636245110821382 0.4758800521512386 0.6923076923076922 0.4758800521512386 0.6923076923076922 0.5045632333767927 0.6636245110821382 0.5045632333767927
113 0.7744458930899608 0.576271186440678 0.8135593220338985 0.576271186440678 0.8135593220338985 0.6153846153846154 0.7744458930899608 0.6153846153846154
91 0.3011734028683181 0.848761408083442 0.3415906127770534 0.848761408083442 0.3415906127770534 0.8956975228161669 0.3011734028683181 0.8956975228161669
41 0.041720990873533245 0.5723598435462842 0.07692307692307693 0.5723598435462842 0.07692307692307693 0.6101694915254238 0.041720990873533245 0.6101694915254238
41 0.10691003911342895 0.5736636245110822 0.1408083441981747 0.5736636245110822 0.1408083441981747 0.6088657105606259 0.10691003911342895 0.6088657105606259
41 0.2816166883963494 0.4589308996088657 0.3220338983050847 0.4589308996088657 0.3220338983050847 0.4941329856584094 0.2816166883963494 0.4941329856584094
41 0.4576271186440678 0.4576271186440678 0.49674054758800523 0.4576271186440678 0.49674054758800523 0.49674054758800523 0.4576271186440678 0.49674054758800523
113 0.02737940026075619 0.5228161668839635 0.06649282920469361 0.5228161668839635 0.06649282920469361 0.5632333767926988 0.02737940026075619 0.5632333767926988
9 0.28292046936114734 0.560625814863103 0.318122555410691 0.560625814863103 0.318122555410691 0.5971316818774446 0.28292046936114734 0.5971316818774446
9 0.4589308996088657 0.5580182529335072 0.4980443285528031 0.5580182529335072 0.4980443285528031 0.5958279009126467 0.4589308996088657 0.5958279009126467
84 0.06910039113428944 0.3846153846153847 0.11734028683181227 0.3846153846153847 0.11734028683181227 0.4315514993481095 0.06910039113428944 0.4315514993481095
