69 0.5322448979591837 0.2748717827235363 0.5942857142857144 0.2748717827235363 0.5942857142857144 0.38091368874885995 0.5322448979591837 0.38091368874885995
21 0.5322448979591837 0.45067810060762553 0.5926530612244897 0.45067810060762553 0.5926530612244897 0.551138853684248 0.5322448979591837 0.551138853684248
40 0.37224489795918375 0.21487438852499793 0.4310204081632653 0.21487438852499793 0.4310204081632653 0.31533514160162035 0.37224489795918375 0.31533514160162035
91 0.3836734693877551 0.7018299832991814 0.4424489795918367 0.7018299832991814 0.4424489795918367 0.8120577540360311 0.3836734693877551 0.8120577540360311
91 0.7363265306122447 0.45625925355632674 0.804081632653061 0.45625925355632674 0.804081632653061 0.5678823125303517 0.7363265306122447 0.5678823125303517
69 0.37142857142857144 0.41440060644106747 0.43265306122448977 0.41440060644106747 0.43265306122448977 0.5176519359920404 0.37142857142857144 0.5176519359920404
7 0.2497959183673469 0.4185864711525934 0.3118367346938775 0.4185864711525934 0.3118367346938775 0.5190472242292158 0.2497959183673469 0.5190472242292158
22 0.25551020408163266 0.708806424485058 0.31510204081632653 0.708806424485058 0.31510204081632653 0.8078718893245052 0.25551020408163266 0.8078718893245052
51 0.5314285714285715 0.7032252715363569 0.5910204081632653 0.7032252715363569 0.5910204081632653 0.8022907363758041 0.5314285714285715 0.8022907363758041
42 0.7453061224489796 0.7018299832991814 0.8057142857142858 0.7018299832991814 0.8057142857142858 0.802290736375804 0.7453061224489796 0.802290736375804
31 0.12489795918367345 0.24557072974285477 0.17469387755102037 0.24557072974285477 0.17469387755102037 0.3292880239733735 0.12489795918367345 0.3292880239733735
104 0.47591836734693876 0.18557333554431638 0.506938775510204 0.18557333554431638 0.506938775510204 0.2344084238454523 0.47591836734693876 0.2344084238454523
