31 0.3850646700950751 0.7692307692307694 0.4639825176763979 0.7692307692307694 0.4639825176763979 0.8448500651890483 0.3850646700950751 0.8448500651890483
50 0.5129660092785983 0.5580182529335072 0.5932445094044266 0.5580182529335072 0.5932445094044266 0.6349413298565841 0.5129660092785983 0.6349413298565841
69 0.3837040175505695 0.6284224250325946 0.46398251767639787 0.6284224250325946 0.46398251767639787 0.7079530638852674 0.3837040175505695 0.7079530638852674
69 0.3850646700950751 0.3468057366362451 0.46534317022090343 0.3468057366362451 0.46534317022090343 0.42633637548891784 0.3850646700950751 0.42633637548891784
69 0.3850646700950751 0.2059973924380704 0.46534317022090343 0.2059973924380704 0.46534317022090343 0.28552803129074317 0.3850646700950751 0.28552803129074317
69 0.7660473825566335 0.41851368970013036 0.8463258826824619 0.41851368970013036 0.8463258826824619 0.4980443285528031 0.7660473825566335 0.4980443285528031
69 0.382343365006064 0.48500651890482405 0.46262186513189235 0.48500651890482405 0.46262186513189235 0.5645371577574968 0.382343365006064 0.5645371577574968
50 0.6395066959176159 0.41851368970013036 0.7197851960434443 0.41851368970013036 0.7197851960434443 0.4980443285528031 0.6395066959176159 0.4980443285528031
40 0.5102447041895871 0.41460234680573665 0.5959658144934378 0.41460234680573665 0.5959658144934378 0.4967405475880053 0.5102447041895871 0.4967405475880053
2 0.2571633309115519 0.48761408083441976 0.33063856831485244 0.48761408083441976 0.33063856831485244 0.5645371577574967 0.2571633309115519 0.5645371577574967
