46 0.34199241909706113 0.43162393162393164 0.3841558680268358 0.43162393162393164 0.3841558680268358 0.48148148148148145 0.34199241909706113 0.48148148148148145
46 0.3408212121823452 0.5626780626780626 0.38415586802683577 0.5626780626780626 0.38415586802683577 0.6153846153846154 0.3408212121823452 0.6153846153846154
46 0.34199241909706113 0.6937321937321937 0.3829846611121199 0.6937321937321937 0.3829846611121199 0.7450142450142451 0.34199241909706113 0.7450142450142451
41 0.4099224201505869 0.8190883190883191 0.45442828290979354 0.8190883190883191 0.45442828290979354 0.8746438746438746 0.4099224201505869 0.8746438746438746
41 0.5247006977927513 0.8219373219373218 0.568035353637242 0.8219373219373218 0.568035353637242 0.8717948717948718 0.5247006977927513 0.8717948717948718
41 0.6383077685201997 0.8205128205128205 0.6816424243646904 0.8205128205128205 0.6816424243646904 0.8717948717948719 0.6383077685201997 0.8717948717948719
10 0.6992105280854297 0.42165242165242167 0.7413739770152045 0.42165242165242167 0.7413739770152045 0.47150997150997154 0.6992105280854297 0.47150997150997154
10 0.6992105280854297 0.5441595441595442 0.7413739770152045 0.5441595441595442 0.7413739770152045 0.5982905982905984 0.6992105280854297 0.5982905982905984
10 0.6992105280854297 0.6723646723646723 0.7413739770152045 0.6723646723646723 0.7413739770152045 0.7250712250712251 0.6992105280854297 0.7250712250712251
22 0.03630741435619485 0.5612535612535613 0.08081327711540141 0.5612535612535613 0.08081327711540141 0.6139601139601141 0.03630741435619485 0.6139601139601141
56 0.20964603773415733 0.5655270655270656 0.25298069357864794 0.5655270655270656 0.25298069357864794 0.613960113960114 0.20964603773415733 0.613960113960114
40 0.4110936270653029 0.2706552706552707 0.45208586908036164 0.2706552706552707 0.45208586908036164 0.32336182336182334 0.4110936270653029 0.32336182336182334
40 0.5258719047074673 0.2720797720797721 0.5692065605519578 0.2720797720797721 0.5692065605519578 0.3247863247863248 0.5258719047074673 0.3247863247863248
40 0.6383077685201997 0.2706552706552707 0.6804712174499744 0.2706552706552707 0.6804712174499744 0.32478632478632474 0.6383077685201997 0.32478632478632474
24 0.5270431116221832 0.0925925925925926 0.5703777674666739 0.0925925925925926 0.5703777674666739 0.14672364672364668 0.5270431116221832 0.14672364672364668
91 0.6359653546907678 0.08974358974358974 0.6839848381941223 0.08974358974358974 0.6839848381941223 0.14814814814814814 0.6359653546907678 0.14814814814814814
91 0.3876694887709837 0.08831908831908832 0.43920259301848613 0.08831908831908832 0.43920259301848613 0.14672364672364668 0.3876694887709837 0.14672364672364668
113 0.20261879624586154 0.301994301994302 0.24478224517563618 0.301994301994302 0.24478224517563618 0.35185185185185186 0.20261879624586154 0.35185185185185186
113 0.25180948666393194 0.1752136752136752 0.29514414250842264 0.1752136752136752 0.29514414250842264 0.22792022792022792 0.25180948666393194 0.22792022792022792
41 0.4099224201505869 0.4287749287749288 0.45559948982450943 0.4287749287749288 0.45559948982450943 0.4814814814814815 0.4099224201505869 0.4814814814814815
41 0.5235294908780354 0.4287749287749288 0.5692065605519577 0.4287749287749288 0.5692065605519577 0.4814814814814815 0.5235294908780354 0.4814814814814815
41 0.6359653546907678 0.42592592592592593 0.6816424243646904 0.42592592592592593 0.6816424243646904 0.48148148148148145 0.6359653546907678 0.48148148148148145
41 0.4087512132358711 0.5598290598290598 0.45794190365394155 0.5598290598290598 0.45794190365394155 0.6153846153846154 0.4087512132358711 0.6153846153846154
41 0.5235294908780354 0.5612535612535613 0.5703777674666739 0.5612535612535613 0.5703777674666739 0.6153846153846155 0.5235294908780354 0.6153846153846155
41 0.6383077685201997 0.5598290598290598 0.6839848381941223 0.5598290598290598 0.6839848381941223 0.6153846153846154 0.6383077685201997 0.6153846153846154
41 0.41460724780945085 0.6908831908831908 0.45794190365394144 0.6908831908831908 0.45794190365394144 0.7450142450142451 0.41460724780945085 0.7450142450142451
41 0.5270431116221832 0.6894586894586895 0.5727201812961058 0.6894586894586895 0.5727201812961058 0.7478632478632478 0.5270431116221832 0.7478632478632478
41 0.6383077685201997 0.6894586894586895 0.6851560451088382 0.6894586894586895 0.6851560451088382 0.7464387464387464 0.6383077685201997 0.7464387464387464
