24 0.0034106412005457027 0.3948683827969494 0.06548431105047749 0.3948683827969494 0.06548431105047749 0.6073121910853666 0.0034106412005457027 0.6073121910853666
102 0.35470668485675305 0.62347639388992 0.4154160982264665 0.62347639388992 0.4154160982264665 0.8313018585198935 0.35470668485675305 0.8313018585198935
69 0.16371077762619377 0.40179589828461515 0.2257844474761255 0.40179589828461515 0.2257844474761255 0.6073121910853667 0.16371077762619377 0.6073121910853667
41 0.5518417462482946 0.4041050701138371 0.6145975443383356 0.4041050701138371 0.6145975443383356 0.6119305347438104 0.5518417462482946 0.6119305347438104
44 0.7598908594815825 0.12007693511954017 0.8226466575716237 0.12007693511954017 0.8226466575716237 0.3232840560910697 0.7598908594815825 0.3232840560910697
44 0.76193724420191 0.6511864558405833 0.8212824010914053 0.6511864558405833 0.8212824010914053 0.8636302641290005 0.76193724420191 0.8636302641290005
113 0.49181446111869037 0.0346375774383289 0.5211459754433835 0.0346375774383289 0.5211459754433835 0.1316227942656498 0.49181446111869037 0.1316227942656498
40 0.35402455661664395 0.12931362243642788 0.41678035470668484 0.12931362243642788 0.41678035470668484 0.3348299152371793 0.35402455661664395 0.3348299152371793
10 0.567530695770805 0.2078254646299734 0.6016371077762619 0.2078254646299734 0.6016371077762619 0.3163565406034039 0.567530695770805 0.3163565406034039
91 0.9331514324693042 0.3948683827969494 0.9959072305593453 0.3948683827969494 0.9959072305593453 0.6026938474269228 0.9331514324693042 0.6026938474269228
