41 0.06810283630357217 0.7979139504563233 0.13786671739503634 0.7979139504563233 0.13786671739503634 0.910039113428944 0.06810283630357217 0.910039113428944
91 0.35297201742705087 0.758800521512386 0.4293800776700831 0.758800521512386 0.4293800776700831 0.8800521512385919 0.35297201742705087 0.8800521512385919
91 0.4958218691857633 0.7548891786179922 0.5747214966106334 0.7548891786179922 0.5747214966106334 0.8826597131681876 0.4958218691857633 0.8826597131681876
85 0.8247087371883801 0.3885267275097783 0.8969641854616822 0.3885267275097783 0.8969641854616822 0.500651890482399 0.8247087371883801 0.500651890482399
85 0.8238782147944341 0.16036505867014342 0.8953031406737902 0.16036505867014342 0.8953031406737902 0.2711864406779661 0.8238782147944341 0.2711864406779661
69 0.5730604518227415 0.14732724902216426 0.6411632881263136 0.14732724902216426 0.6411632881263136 0.2555410691003911 0.5730604518227415 0.2555410691003911
51 0.5747214966106334 0.3050847457627119 0.6436548553081517 0.3050847457627119 0.6436548553081517 0.41460234680573665 0.5747214966106334 0.41460234680573665
55 0.5738909742166874 0.4784876140808344 0.6436548553081517 0.4784876140808344 0.6436548553081517 0.5827900912646676 0.5738909742166874 0.5827900912646676
32 0.33220895757840085 0.29595827900912647 0.4028033610638111 0.29595827900912647 0.4028033610638111 0.40547588005215124 0.33220895757840085 0.40547588005215124
94 0.33220895757840085 0.10951760104302476 0.3994812714880271 0.10951760104302476 0.3994812714880271 0.21642764015645372 0.33220895757840085 0.21642764015645372
