86 0.737109375 0.33125 0.798046875 0.33125 0.798046875 0.43333333333333335 0.737109375 0.43333333333333335
86 0.739453125 0.7354166666666667 0.7992187500000002 0.7354166666666667 0.7992187500000002 0.84375 0.739453125 0.84375
48 0.18046875 0.5458333333333333 0.23671875000000003 0.5458333333333333 0.23671875000000003 0.6416666666666667 0.18046875 0.6416666666666667
48 0.4640625 0.5458333333333333 0.516796875 0.5458333333333333 0.516796875 0.6375 0.4640625 0.6375
41 0.385546875 0.32916666666666666 0.4453125000000001 0.32916666666666666 0.4453125000000001 0.43333333333333335 0.385546875 0.43333333333333335
41 0.5531250000000001 0.32916666666666666 0.615234375 0.32916666666666666 0.615234375 0.4354166666666667 0.5531250000000001 0.4354166666666667
41 0.38671875000000006 0.7333333333333333 0.4453125 0.7333333333333333 0.4453125 0.8416666666666668 0.38671875000000006 0.8416666666666668
41 0.5531250000000001 0.7333333333333333 0.6140625000000001 0.7333333333333333 0.6140625000000001 0.84375 0.5531250000000001 0.84375
10 0.35390625 0.5479166666666667 0.3996093750000001 0.5479166666666667 0.3996093750000001 0.6333333333333333 0.35390625 0.6333333333333333
10 0.5238281250000001 0.55625 0.568359375 0.55625 0.568359375 0.63125 0.5238281250000001 0.63125
113 0.113671875 0.19375 0.14179687500000002 0.19375 0.14179687500000002 0.24375 0.113671875 0.24375
