38 0.030173216613894587 0.3050847457627119 0.11985472154963683 0.3050847457627119 0.11985472154963683 0.45241199478487615 0.030173216613894587 0.45241199478487615
91 0.24976718197057182 0.6297262059973925 0.3411249767181971 0.6297262059973925 0.3411249767181971 0.7770534550195567 0.24976718197057182 0.7770534550195567
41 0.5724529707580556 0.3076923076923077 0.6545911715403242 0.3076923076923077 0.6545911715403242 0.42633637548891784 0.5724529707580556 0.42633637548891784
41 0.573291115663997 0.4576271186440678 0.6579437511640902 0.4576271186440678 0.6579437511640902 0.5814863102998697 0.573291115663997 0.5814863102998697
41 0.5724529707580556 0.6153846153846154 0.6571056062581487 0.6153846153846154 0.6571056062581487 0.7444589308996089 0.5724529707580556 0.7444589308996089
48 0.49450549450549447 0.4380704041720991 0.5498230582976344 0.4380704041720991 0.5498230582976344 0.530638852672751 0.49450549450549447 0.530638852672751
84 0.415719873346992 0.45241199478487615 0.4551126839262432 0.45241199478487615 0.4551126839262432 0.5123859191655802 0.415719873346992 0.5123859191655802
113 0.25563419631216244 0.15384615384615385 0.3369342521884895 0.15384615384615385 0.3369342521884895 0.2790091264667536 0.25563419631216244 0.2790091264667536
113 0.5447941888619855 0.14863102998696218 0.600949897560067 0.14863102998696218 0.600949897560067 0.2411994784876141 0.5447941888619855 0.2411994784876141
113 0.8197057180108027 0.15123859191655803 0.8775377165207674 0.15123859191655803 0.8775377165207674 0.24641460234680573 0.8197057180108027 0.24641460234680573
47 0.8071335444216801 0.46153846153846145 0.8875954553920657 0.46153846153846145 0.8875954553920657 0.5827900912646675 0.8071335444216801 0.5827900912646675
9 0.8062953995157385 0.3050847457627119 0.8859191655801826 0.3050847457627119 0.8859191655801826 0.423728813559322 0.8062953995157385 0.423728813559322
