90 0.10894313816581497 0.0651890482398957 0.18607102359294062 0.0651890482398957 0.18607102359294062 0.1681877444589309 0.10894313816581497 0.1681877444589309
115 0.053989519798987945 0.2203389830508474 0.13304560236179172 0.2203389830508474 0.13304560236179172 0.3259452411994785 0.053989519798987945 0.3259452411994785
99 0.15714806655776847 0.21903520208604954 0.23813234625625038 0.21903520208604954 0.23813234625625038 0.32333767926988266 0.15714806655776847 0.32333767926988266
22 0.10894313816581497 0.3559322033898305 0.1851069250251015 0.3559322033898305 0.1851069250251015 0.46675358539765316 0.10894313816581497 0.46675358539765316
91 0.10990723673365403 0.5684485006518905 0.18414282645726246 0.5684485006518905 0.18414282645726246 0.6766623207301173 0.10990723673365403 0.6766623207301173
9 0.2631989090200662 0.5736636245110821 0.3393626958793528 0.5736636245110821 0.3393626958793528 0.6740547588005216 0.2631989090200662 0.6740547588005216
47 0.5765309435677641 0.5671447196870926 0.6526947304270506 0.5671447196870926 0.6526947304270506 0.6779661016949151 0.5765309435677641 0.6779661016949151
40 0.4193828770099956 0.5710560625814863 0.4965107624371213 0.5710560625814863 0.4965107624371213 0.6753585397653193 0.4193828770099956 0.6753585397653193
69 0.4203469755778347 0.35853976531942633 0.49747486100496036 0.35853976531942633 0.49747486100496036 0.4654498044328552 0.4203469755778347 0.4654498044328552
41 0.2641630075879053 0.36245110821382004 0.34225499158287 0.36245110821382004 0.34225499158287 0.46675358539765316 0.2641630075879053 0.46675358539765316
43 0.575566844999925 0.14602346805736635 0.6526947304270506 0.14602346805736635 0.6526947304270506 0.25423728813559326 0.575566844999925 0.25423728813559326
2 0.4184187784421566 0.14602346805736635 0.49843895957279943 0.14602346805736635 0.49843895957279943 0.25423728813559326 0.4184187784421566 0.25423728813559326
48 0.26223481045222713 0.14863102998696218 0.3412908930150309 0.14863102998696218 0.3412908930150309 0.25423728813559326 0.26223481045222713 0.25423728813559326
57 0.8368375568843132 0.21642764015645374 0.9130013437435996 0.21642764015645374 0.9130013437435996 0.3246414602346806 0.8368375568843132 0.3246414602346806
67 0.8320170640451178 0.4967405475880053 0.9130013437435996 0.4967405475880053 0.9130013437435996 0.6088657105606258 0.8320170640451178 0.6088657105606258
56 0.834909359748635 0.713168187744459 0.9130013437435996 0.713168187744459 0.9130013437435996 0.8161668839634941 0.834909359748635 0.8161668839634941
24 0.7307867144220154 0.5658409387222947 0.8098427969848191 0.5658409387222947 0.8098427969848191 0.6779661016949151 0.7307867144220154 0.6779661016949151
102 0.7317508129898544 0.3533246414602347 0.8117709941204972 0.3533246414602347 0.8117709941204972 0.4654498044328552 0.7317508129898544 0.4654498044328552
60 0.7298226158541763 0.14732724902216426 0.8117709941204972 0.14732724902216426 0.8117709941204972 0.2529335071707953 0.7298226158541763 0.2529335071707953
103 0.5774950421356032 0.3559322033898305 0.6536588289948897 0.3559322033898305 0.6536588289948897 0.46284224250325945 0.5774950421356032 0.46284224250325945
