48 0.40292000987886895 0.3820078226857888 0.46667317599894315 0.3820078226857888 0.46667317599894315 0.4471968709256845 0.40292000987886895 0.4471968709256845
22 0.72168584047924 0.26597131681877445 0.7841639432769129 0.26597131681877445 0.7841639432769129 0.3324641460234681 0.72168584047924 0.3324641460234681
90 0.3965446932668616 0.22946544980443284 0.4692233026437461 0.22946544980443284 0.4692233026437461 0.29465449804432853 0.3965446932668616 0.29465449804432853
41 0.3468172236932038 0.6375488917861798 0.4092953264908765 0.6375488917861798 0.4092953264908765 0.7027379400260755 0.3468172236932038 0.7027379400260755
41 0.3429920337259993 0.4954367666232073 0.405470136523672 0.4954367666232073 0.405470136523672 0.560625814863103 0.3429920337259993 0.560625814863103
41 0.4577477327421329 0.49674054758800523 0.5202258355398056 0.49674054758800523 0.5202258355398056 0.561929595827901 0.4577477327421329 0.561929595827901
41 0.4590227960645344 0.6388526727509778 0.5215008988622071 0.6388526727509778 0.5215008988622071 0.7040417209908735 0.4590227960645344 0.7040417209908735
47 0.33661671711399177 0.7913950456323338 0.39781975658926305 0.7913950456323338 0.39781975658926305 0.8552803129074317 0.33661671711399177 0.8552803129074317
86 0.5980046982062961 0.8057366362451108 0.6681331809383777 0.8057366362451108 0.6681331809383777 0.8800521512385919 0.5980046982062961 0.8800521512385919
86 0.45519760609732984 0.8044328552803128 0.5253260888294115 0.8044328552803128 0.5253260888294115 0.8787483702737939 0.45519760609732984 0.8787483702737939
91 0.7204107771568385 0.5123859191655802 0.7905392598889202 0.5123859191655802 0.7905392598889202 0.5945241199478487 0.7204107771568385 0.5945241199478487
