115 0.5632318501170961 0.1826697892271663 0.5960187353629978 0.1826697892271663 0.5960187353629978 0.224824355971897 0.5632318501170961 0.224824355971897
57 0.319672131147541 0.722872755659641 0.3501170960187354 0.722872755659641 0.3501170960187354 0.7619047619047621 0.319672131147541 0.7619047619047621
57 0.5281030444964872 0.7197501951600312 0.5620608899297425 0.7197501951600312 0.5620608899297425 0.7665886026541765 0.5281030444964872 0.7665886026541765
86 0.6674473067915692 0.2123341139734583 0.6978922716627636 0.2123341139734583 0.6978922716627636 0.2560499609679938 0.6674473067915692 0.2560499609679938
44 0.22716627634660427 0.39968774395003914 0.2576112412177986 0.39968774395003914 0.2576112412177986 0.4418423106947698 0.22716627634660427 0.4418423106947698
44 0.43793911007025765 0.40124902419984393 0.46721311475409844 0.40124902419984393 0.46721311475409844 0.44496487119437955 0.43793911007025765 0.44496487119437955
41 0.17915690866510542 0.6463700234192039 0.21311475409836067 0.6463700234192039 0.21311475409836067 0.693208430913349 0.17915690866510542 0.693208430913349
41 0.22482435597189698 0.6479313036690086 0.25878220140515223 0.6479313036690086 0.25878220140515223 0.693208430913349 0.22482435597189698 0.693208430913349
41 0.2716627634660422 0.6479313036690086 0.3067915690866511 0.6479313036690086 0.3067915690866511 0.6916471506635442 0.2716627634660422 0.6916471506635442
41 0.319672131147541 0.6494925839188136 0.3512880562060891 0.6494925839188136 0.3512880562060891 0.6916471506635442 0.319672131147541 0.6916471506635442
41 0.3899297423887588 0.6479313036690086 0.42271662763466045 0.6479313036690086 0.42271662763466045 0.6947697111631538 0.3899297423887588 0.6947697111631538
41 0.43442622950819676 0.6479313036690086 0.4695550351288057 0.6479313036690086 0.4695550351288057 0.6947697111631538 0.43442622950819676 0.6947697111631538
41 0.3887587822014052 0.7213114754098362 0.42271662763466045 0.7213114754098362 0.42271662763466045 0.7650273224043719 0.3887587822014052 0.7650273224043719
41 0.48243559718969564 0.6494925839188136 0.5163934426229508 0.6494925839188136 0.5163934426229508 0.6947697111631538 0.48243559718969564 0.6947697111631538
41 0.5292740046838408 0.6494925839188136 0.5632318501170961 0.6494925839188136 0.5632318501170961 0.6978922716627636 0.5292740046838408 0.6978922716627636
91 0.10187353629976582 0.5355191256830603 0.13934426229508198 0.5355191256830603 0.13934426229508198 0.5839188134270102 0.10187353629976582 0.5839188134270102
91 0.10187353629976582 0.6073380171740829 0.14051522248243561 0.6073380171740829 0.14051522248243561 0.6588602654176425 0.10187353629976582 0.6588602654176425
114 0.5995316159250587 0.5339578454332554 0.6381733021077284 0.5339578454332554 0.6381733021077284 0.5839188134270102 0.5995316159250587 0.5839188134270102
