40 0.12046936114732726 0.1421121251629726 0.20005215123859194 0.1421121251629726 0.20005215123859194 0.24380704041720988 0.12046936114732726 0.24380704041720988
40 0.4373402868318122 0.1421121251629726 0.5198435462842241 0.1421121251629726 0.5198435462842241 0.24119947848761408 0.4373402868318122 0.24119947848761408
40 0.7688135593220339 0.38070404172099087 0.8498565840938722 0.38070404172099087 0.8498565840938722 0.4863102998696219 0.7688135593220339 0.4863102998696219
69 0.28547588005215124 0.13689700130378096 0.3672490221642764 0.13689700130378096 0.3672490221642764 0.242503259452412 0.28547588005215124 0.242503259452412
69 0.6038070404172099 0.37809647979139505 0.6833898305084747 0.37809647979139505 0.6833898305084747 0.485006518904824 0.6038070404172099 0.485006518904824
69 0.3278226857887875 0.7705345501955673 0.4095958279009126 0.7705345501955673 0.4095958279009126 0.8709256844850066 0.3278226857887875 0.8709256844850066
69 0.5738722294654498 0.7718383311603652 0.655645371577575 0.7718383311603652 0.655645371577575 0.8748370273794004 0.5738722294654498 0.8748370273794004
69 0.768083441981747 0.2059973924380704 0.8498565840938722 0.2059973924380704 0.8498565840938722 0.3142112125162972 0.768083441981747 0.3142112125162972
1 0.10732724902216427 0.3859191655801826 0.18691003911342893 0.3859191655801826 0.18691003911342893 0.48761408083441976 0.10732724902216427 0.48761408083441976
31 0.2869361147327249 0.3820078226857888 0.3650586701434159 0.3820078226857888 0.3650586701434159 0.48761408083441976 0.2869361147327249 0.48761408083441976
50 0.45194263363754883 0.5932203389830508 0.5315254237288136 0.5932203389830508 0.5315254237288136 0.6988265971316819 0.45194263363754883 0.6988265971316819
2 0.451212516297262 0.3846153846153847 0.5322555410691004 0.3846153846153847 0.5322555410691004 0.4863102998696219 0.451212516297262 0.4863102998696219
50 0.768083441981747 0.06910039113428944 0.8491264667535854 0.06910039113428944 0.8491264667535854 0.17079530638852672 0.768083441981747 0.17079530638852672
