91 0.16635723598435462 0.12646675358539766 0.2200208604954368 0.12646675358539766 0.2200208604954368 0.21642764015645374 0.16635723598435462 0.21642764015645374
91 0.39021121251629737 0.4380704041720989 0.4461747066492829 0.4380704041720989 0.4461747066492829 0.5332464146023466 0.39021121251629737 0.5332464146023466
113 0.6355306388526727 0.5658409387222947 0.6654289439374185 0.5658409387222947 0.6654289439374185 0.6140808344198175 0.6355306388526727 0.6140808344198175
69 0.1586910039113429 0.5071707953063885 0.21388787483702734 0.5071707953063885 0.21388787483702734 0.6023468057366362 0.1586910039113429 0.6023468057366362
69 0.5121043024771837 0.6323337679269883 0.5673011734028682 0.6323337679269883 0.5673011734028682 0.727509778357236 0.5121043024771837 0.727509778357236
22 0.04369752281616688 0.12646675358539766 0.10042764015645372 0.12646675358539766 0.10042764015645372 0.21773142112125166 0.04369752281616688 0.21773142112125166
2 0.03526466753585397 0.4993481095176011 0.08969491525423728 0.4993481095176011 0.08969491525423728 0.5932203389830508 0.03526466753585397 0.5932203389830508
31 0.03219817470664928 0.741851368970013 0.08586179921773142 0.741851368970013 0.08586179921773142 0.834419817470665 0.03219817470664928 0.834419817470665
103 0.3955775749674054 0.8396349413298566 0.4484745762711864 0.8396349413298566 0.4484745762711864 0.9282920469361148 0.3955775749674054 0.9282920469361148
40 0.394044328552803 0.6310299869621904 0.4484745762711864 0.6310299869621904 0.4484745762711864 0.7288135593220338 0.394044328552803 0.7288135593220338
51 0.7152594524119948 0.6297262059973925 0.7704563233376793 0.6297262059973925 0.7704563233376793 0.7235984354628422 0.7152594524119948 0.7235984354628422
42 0.9015488917861798 0.546284224250326 0.9559791395045631 0.546284224250326 0.9559791395045631 0.63754889178618 0.9015488917861798 0.63754889178618
24 0.9038487614080833 0.7275097783572361 0.9590456323337678 0.7275097783572361 0.9590456323337678 0.8226857887874838 0.9038487614080833 0.8226857887874838
