115 0.20549581839904424 0.2570025222354972 0.2664277180406213 0.2570025222354972 0.2664277180406213 0.3610779238019382 0.20549581839904424 0.3610779238019382
31 0.3572281959378734 0.25487853444842695 0.41577060931899645 0.25487853444842695 0.41577060931899645 0.3525819726536572 0.3572281959378734 0.3525819726536572
22 0.06332138590203107 0.2591265100225674 0.12186379928315412 0.2591265100225674 0.12186379928315412 0.3547059604407275 0.06332138590203107 0.3547059604407275
91 0.07407407407407408 0.5501128368511882 0.11469534050179213 0.5501128368511882 0.11469534050179213 0.6159564582503652 0.07407407407407408 0.6159564582503652
69 0.5806451612903226 0.764635603345281 0.6356033452807647 0.764635603345281 0.6356033452807647 0.8580910659763707 0.5806451612903226 0.8580910659763707
69 0.3596176821983274 0.5564848002123989 0.41577060931899645 0.5564848002123989 0.41577060931899645 0.6541882384176292 0.3596176821983274 0.6541882384176292
104 0.4516129032258065 0.7625116155582107 0.5089605734767025 0.7625116155582107 0.5089605734767025 0.8623390415505111 0.4516129032258065 0.8623390415505111
40 0.5125448028673836 0.605336519315014 0.5686977299880527 0.605336519315014 0.5686977299880527 0.7030399575202444 0.5125448028673836 0.7030399575202444
2 0.20549581839904424 0.4778972520908006 0.2664277180406213 0.4778972520908006 0.2664277180406213 0.586220629231382 0.20549581839904424 0.586220629231382
50 0.20788530465949823 0.6881720430107527 0.2664277180406213 0.6881720430107527 0.2664277180406213 0.7943714323642639 0.20788530465949823 0.7943714323642639
82 0.836320191158901 0.1486791450949157 0.8948626045400239 0.1486791450949157 0.8948626045400239 0.25700252223549713 0.836320191158901 0.25700252223549713
