55 0.4942367062806195 0.34883720930232565 0.5316236157963121 0.34883720930232565 0.5316236157963121 0.4136212624584718 0.4942367062806195 0.4136212624584718
55 0.2115551953083094 0.35215946843853824 0.248942104824002 0.35215946843853824 0.248942104824002 0.4169435215946844 0.2115551953083094 0.4169435215946844
55 0.2115551953083094 0.16445182724252497 0.248942104824002 0.16445182724252497 0.248942104824002 0.22923588039867115 0.2115551953083094 0.22923588039867115
8 0.8781364356978533 0.5764119601328903 0.9155233452135458 0.5764119601328903 0.9155233452135458 0.6411960132890365 0.8781364356978533 0.6411960132890365
91 0.8772245598560072 0.73421926910299 0.9164352210553922 0.73421926910299 0.9164352210553922 0.803986710963455 0.8772245598560072 0.803986710963455
91 0.05197692298523119 0.5614617940199336 0.09118758418461612 0.5614617940199336 0.09118758418461612 0.6312292358803987 0.05197692298523119 0.6312292358803987
91 0.1449882588535396 0.5614617940199335 0.18419892005292454 0.5614617940199335 0.18419892005292454 0.6312292358803986 0.1449882588535396 0.6312292358803986
67 0.7395313077372367 0.7308970099667775 0.7787419689366216 0.7308970099667775 0.7787419689366216 0.8056478405315615 0.7395313077372367 0.8056478405315615
57 0.593631173041851 0.813953488372093 0.6319299583993899 0.813953488372093 0.6319299583993899 0.8837209302325583 0.593631173041851 0.8837209302325583
57 0.7395313077372367 0.5730897009966778 0.7778300930947757 0.5730897009966778 0.7778300930947757 0.642857142857143 0.7395313077372367 0.642857142857143
