30 0.4872202303346371 0.1043024771838331 0.5379228234101116 0.1043024771838331 0.5379228234101116 0.18513689700130376 0.4872202303346371 0.18513689700130376
26 0.7264730914095323 0.24641460234680576 0.7732145444009855 0.24641460234680576 0.7732145444009855 0.32464146023468055 0.7264730914095323 0.32464146023468055
26 0.5402995074605245 0.24380704041720988 0.5870409604519775 0.24380704041720988 0.5870409604519775 0.32203389830508466 0.5402995074605245 0.32203389830508466
26 0.6337824134434304 0.24641460234680576 0.6805238664348835 0.24641460234680576 0.6805238664348835 0.32464146023468055 0.6337824134434304 0.32464146023468055
91 0.792228016804288 0.7861799217731422 0.8476839779805881 0.7861799217731422 0.8476839779805881 0.878748370273794 0.792228016804288 0.878748370273794
91 0.8722430465015212 0.11734028683181226 0.9276990076778213 0.11734028683181226 0.9276990076778213 0.20990873533246412 0.8722430465015212 0.20990873533246412
91 0.26460415761263223 0.790091264667536 0.32006011878893237 0.790091264667536 0.32006011878893237 0.8826597131681878 0.26460415761263223 0.8826597131681878
91 0.33669690714182243 0.788787483702738 0.39215286831812257 0.788787483702738 0.39215286831812257 0.8813559322033898 0.33669690714182243 0.8813559322033898
91 0.4103741127046212 0.7861799217731422 0.46583007388092135 0.7861799217731422 0.46583007388092135 0.878748370273794 0.4103741127046212 0.878748370273794
91 0.646458061712299 0.78748370273794 0.7019140228885992 0.78748370273794 0.7019140228885992 0.8800521512385918 0.646458061712299 0.8800521512385918
91 0.7169663552078807 0.7861799217731422 0.7724223163841807 0.7861799217731422 0.7724223163841807 0.878748370273794 0.7169663552078807 0.878748370273794
