85 0.9054758800521513 0.28813559322033905 0.9465449804432856 0.28813559322033905 0.9465449804432856 0.34680573663624514 0.9054758800521513 0.34680573663624514
94 0.9103650586701435 0.5945241199478488 0.9592568448500653 0.5945241199478488 0.9592568448500653 0.667535853976532 0.9103650586701435 0.667535853976532
87 0.9074315514993483 0.426336375488918 0.9573011734028684 0.426336375488918 0.9573011734028684 0.49413298565840946 0.9074315514993483 0.49413298565840946
91 0.7108865710560626 0.4315514993481095 0.7607561929595829 0.4315514993481095 0.7607561929595829 0.4980443285528031 0.7108865710560626 0.4980443285528031
91 0.23761408083441982 0.4341590612777054 0.28748370273794005 0.4341590612777054 0.28748370273794005 0.500651890482399 0.23761408083441982 0.500651890482399
91 0.47425032594524125 0.4328552803129075 0.5241199478487615 0.4328552803129075 0.5241199478487615 0.49934810951760106 0.47425032594524125 0.49934810951760106
55 0.796936114732725 0.5371577574967407 0.8213820078226859 0.5371577574967407 0.8213820078226859 0.5697522816166886 0.796936114732725 0.5697522816166886
55 0.4185136897001304 0.4471968709256846 0.4351368970013037 0.4471968709256846 0.4351368970013037 0.4667535853976533 0.4185136897001304 0.4667535853976533
55 0.42046936114732725 0.47327249022164286 0.43611473272490225 0.47327249022164286 0.43611473272490225 0.4928292046936115 0.42046936114732725 0.4928292046936115
55 0.6561277705345502 0.44458930899608873 0.6717731421121251 0.44458930899608873 0.6717731421121251 0.46414602346805744 0.6561277705345502 0.46414602346805744
55 0.6590612777053455 0.46936114732724915 0.6727509778357237 0.46936114732724915 0.6727509778357237 0.4915254237288137 0.6590612777053455 0.4915254237288137
51 0.14765319426336376 0.258148631029987 0.1789439374185137 0.258148631029987 0.1789439374185137 0.30899608865710565 0.14765319426336376 0.30899608865710565
109 0.14471968709256847 0.35332464146023473 0.1789439374185137 0.35332464146023473 0.1789439374185137 0.3976531942633638 0.14471968709256847 0.3976531942633638
65 0.14374185136897003 0.4393741851368971 0.17796610169491528 0.4393741851368971 0.17796610169491528 0.48500651890482405 0.14374185136897003 0.48500651890482405
37 0.14765319426336374 0.5580182529335073 0.17894393741851372 0.5580182529335073 0.17894393741851372 0.5971316818774448 0.14765319426336374 0.5971316818774448
104 0.4644719687092569 0.6479791395045633 0.5133637548891786 0.6479791395045633 0.5133637548891786 0.7118644067796611 0.4644719687092569 0.7118644067796611
23 0.6874185136897002 0.8735332464146026 0.7431551499348111 0.8735332464146026 0.7431551499348111 0.9413298565840942 0.6874185136897002 0.9413298565840942
24 0.8360495436766624 0.8670143415906127 0.8878748370273795 0.8670143415906127 0.8878748370273795 0.9400260756192961 0.8360495436766624 0.9400260756192961
113 0.19556714471968706 0.8735332464146026 0.24445893089960885 0.8735332464146026 0.24445893089960885 0.9426336375488922 0.19556714471968706 0.9426336375488922
