91 0.1673170731707317 0.12601626016260162 0.22109756097560973 0.12601626016260162 0.22109756097560973 0.21544715447154472 0.1673170731707317 0.21544715447154472
91 0.5724634146341463 0.13821138211382114 0.6262439024390244 0.13821138211382114 0.6262439024390244 0.23170731707317074 0.5724634146341463 0.23170731707317074
91 0.39080487804878045 0.44308943089430897 0.44458536585365843 0.44308943089430897 0.44458536585365843 0.532520325203252 0.39080487804878045 0.532520325203252
40 0.3931951219512195 0.6361788617886179 0.448170731707317 0.6361788617886179 0.448170731707317 0.7235772357723578 0.3931951219512195 0.7235772357723578
69 0.5139024390243903 0.6361788617886179 0.5676829268292682 0.6361788617886179 0.5676829268292682 0.7276422764227642 0.5139024390243903 0.7276422764227642
69 0.1601463414634146 0.5101626016260162 0.21153658536585365 0.5101626016260162 0.21153658536585365 0.6016260162601625 0.1601463414634146 0.6016260162601625
2 0.03585365853658536 0.5 0.08963414634146341 0.5 0.08963414634146341 0.5914634146341463 0.03585365853658536 0.5914634146341463
31 0.03226829268292683 0.7439024390243902 0.08604878048780486 0.7439024390243902 0.08604878048780486 0.8333333333333335 0.03226829268292683 0.8333333333333335
57 0.15895121951219512 0.7439024390243902 0.2127317073170732 0.7439024390243902 0.2127317073170732 0.8394308943089432 0.15895121951219512 0.8394308943089432
22 0.04541463414634146 0.12601626016260162 0.0991951219512195 0.12601626016260162 0.0991951219512195 0.21747967479674796 0.04541463414634146 0.21747967479674796
26 0.6919756097560975 0.13617886178861788 0.7457560975609756 0.13617886178861788 0.7457560975609756 0.22560975609756098 0.6919756097560975 0.22560975609756098
51 0.7146829268292683 0.6341463414634146 0.7684634146341462 0.6341463414634146 0.7684634146341462 0.7235772357723578 0.7146829268292683 0.7235772357723578
42 0.9023170731707316 0.5487804878048781 0.9537073170731707 0.5487804878048781 0.9537073170731707 0.6361788617886178 0.9023170731707316 0.6361788617886178
24 0.9047073170731708 0.7296747967479675 0.9584878048780487 0.7296747967479675 0.9584878048780487 0.8191056910569106 0.9047073170731708 0.8191056910569106
103 0.3979756097560976 0.8394308943089431 0.448170731707317 0.8394308943089431 0.448170731707317 0.926829268292683 0.3979756097560976 0.926829268292683
