40 0.1048313582497721 0.6510966381478513 0.1622607110300821 0.6510966381478513 0.1622607110300821 0.7596072530779454 0.1048313582497721 0.7596072530779454
69 0.837739288969918 0.6527330836564128 0.8942570647219691 0.6527330836564128 0.8942570647219691 0.7595743045106593 0.837739288969918 0.7595743045106593
69 0.10665451230628985 0.4423894300996148 0.16317228805834091 0.4423894300996148 0.16317228805834091 0.5492306509538613 0.10665451230628985 0.5492306509538613
91 0.6773017319963537 0.4440917727427491 0.7356426618049225 0.4440917727427491 0.7356426618049225 0.5542717817486909 0.6773017319963537 0.5542717817486909
91 0.3865086599817685 0.4424223786669011 0.44484958979033723 0.4424223786669011 0.44484958979033723 0.5526023876728429 0.3865086599817685 0.5526023876728429
8 0.8350045578851413 0.44072003602376697 0.8988149498632633 0.44072003602376697 0.8988149498632633 0.5509000450297087 0.8350045578851413 0.5509000450297087
103 0.675478577939836 0.652766032223699 0.7392889699179581 0.652766032223699 0.7392889699179581 0.7629460412296408 0.675478577939836 0.7629460412296408
55 0.5205104831358249 0.4390835905152059 0.5806745670009118 0.4390835905152059 0.5806745670009118 0.5576105699003857 0.5205104831358249 0.5576105699003857
87 0.8350045578851413 0.23207872511010322 0.8979033728350043 0.23207872511010322 0.8979033728350043 0.34559752226774015 0.8350045578851413 0.34559752226774015
66 0.2488605287146764 0.4357448023635108 0.30811303555150404 0.4357448023635108 0.30811303555150404 0.5542717817486904 0.2488605287146764 0.5542717817486904
