67 0.4822242479489518 0.832545293417254 0.5323609845031907 0.832545293417254 0.5323609845031907 0.9234492769907449 0.4822242479489518 0.9234492769907449
57 0.562443026435734 0.8309504866878945 0.6180492251595261 0.8309504866878945 0.6180492251595261 0.9266388904494638 0.562443026435734 0.9266388904494638
24 0.6463081130355516 0.829355679958535 0.699179580674567 0.829355679958535 0.699179580674567 0.9250440837201042 0.6463081130355516 0.9250440837201042
23 0.7301731996353693 0.8309504866878945 0.7830446672743848 0.8309504866878945 0.7830446672743848 0.9250440837201043 0.7301731996353693 0.9250440837201043
102 0.8103919781221515 0.8309504866878945 0.8659981768459436 0.8309504866878945 0.8659981768459436 0.9250440837201043 0.8103919781221515 0.9250440837201043
38 0.14858705560619873 0.03992634892558944 0.2005469462169554 0.03992634892558944 0.2005469462169554 0.12764071904036114 0.14858705560619873 0.12764071904036114
65 0.30264357338195086 0.677849040669384 0.3546034639927074 0.677849040669384 0.3546034639927074 0.7639686040547962 0.30264357338195086 0.7639686040547962
55 0.5752051048313584 0.5040151071691998 0.6280765724703739 0.5040151071691998 0.6280765724703739 0.5933242840133311 0.5752051048313584 0.5933242840133311
91 0.4649042844120329 0.3684565351736435 0.5177757520510484 0.3684565351736435 0.5177757520510484 0.45617090528841514 0.4649042844120329 0.45617090528841514
91 0.6955332725615316 0.3684565351736435 0.7484047402005469 0.3684565351736435 0.7484047402005469 0.46095532547649376 0.6955332725615316 0.46095532547649376
87 0.8176845943482226 0.3652669217149246 0.8723792160437558 0.3652669217149246 0.8723792160437558 0.4577657120177749 0.8176845943482226 0.4577657120177749
8 0.8176845943482226 0.5582385359674225 0.870556061987238 0.5582385359674225 0.870556061987238 0.6539269397289916 0.8176845943482226 0.6539269397289916
49 0.5733819507748406 0.2568200641184795 0.6253418413855971 0.2568200641184795 0.6253418413855971 0.33975001404517274 0.5733819507748406 0.33975001404517274
94 0.8167730173199638 0.17389011419178627 0.8705560619872381 0.17389011419178627 0.8705560619872381 0.26798371122399595 0.8167730173199638 0.26798371122399595
85 0.927985414767548 0.4641449389352127 0.9799453053783045 0.4641449389352127 0.9799453053783045 0.5534541157793439 0.927985414767548 0.5534541157793439
109 0.3035551504102097 0.488067039875605 0.3555150410209663 0.488067039875605 0.3555150410209663 0.5757814099903767 0.3035551504102097 0.5757814099903767
