113 0.3989471641673898 0.05867014341590613 0.41811579667993704 0.05867014341590613 0.41811579667993704 0.07822685788787484 0.3989471641673898 0.07822685788787484
113 0.594227607888965 0.05997392438070404 0.6145942799335464 0.05997392438070404 0.6145942799335464 0.08083441981747067 0.594227607888965 0.08083441981747067
113 0.6265746752538884 0.5671447196870926 0.6457433077664357 0.5671447196870926 0.6457433077664357 0.5880052151238592 0.6265746752538884 0.5880052151238592
113 0.09224904396663369 0.5684485006518905 0.11740787413935197 0.5684485006518905 0.11740787413935197 0.5919165580182529 0.09224904396663369 0.5919165580182529
48 0.6804864541954276 0.6688396349413298 0.7128335215603511 0.6688396349413298 0.7128335215603511 0.7014341590612777 0.6804864541954276 0.7014341590612777
48 0.9284806373265078 0.7444589308996089 0.9572335860953286 0.7444589308996089 0.9572335860953286 0.7744458930899608 0.9284806373265078 0.7744458930899608
41 0.15454709963241225 0.6388526727509778 0.18210200886919897 0.6388526727509778 0.18210200886919897 0.6688396349413298 0.15454709963241225 0.6688396349413298
41 0.15574513916444646 0.7470664928292047 0.18210200886919897 0.7470664928292047 0.18210200886919897 0.7783572359843547 0.15574513916444646 0.7783572359843547
41 0.14975494150427543 0.8604954367666232 0.18330004840123315 0.8604954367666232 0.18330004840123315 0.8930899608865711 0.14975494150427543 0.8930899608865711
41 0.3126883178609271 0.6388526727509778 0.34383734569381647 0.6388526727509778 0.34383734569381647 0.6688396349413298 0.3126883178609271 0.6688396349413298
41 0.3869667688470477 0.6375488917861799 0.41691775714790286 0.6375488917861799 0.41691775714790286 0.6688396349413299 0.3869667688470477 0.6688396349413299
41 0.44207658732062105 0.6375488917861799 0.46963149655740777 0.6375488917861799 0.46963149655740777 0.6714471968709258 0.44207658732062105 0.6714471968709258
41 0.3126883178609271 0.7470664928292047 0.34263930616178223 0.7470664928292047 0.34263930616178223 0.7809647979139505 0.3126883178609271 0.7809647979139505
41 0.38816480837908196 0.7483702737940026 0.4157197176158686 0.7483702737940026 0.4157197176158686 0.7809647979139505 0.38816480837908196 0.7809647979139505
41 0.44207658732062105 0.7483702737940026 0.47202757562147624 0.7483702737940026 0.47202757562147624 0.7796610169491526 0.44207658732062105 0.7796610169491526
41 0.3126883178609271 0.8578878748370273 0.34383734569381647 0.8578878748370273 0.34383734569381647 0.8930899608865711 0.3126883178609271 0.8930899608865711
41 0.3869667688470477 0.8578878748370273 0.41691775714790286 0.8578878748370273 0.41691775714790286 0.8930899608865711 0.3869667688470477 0.8930899608865711
41 0.4360863896604501 0.8539765319426337 0.4732256151535104 0.8539765319426337 0.4732256151535104 0.8943937418513689 0.4360863896604501 0.8943937418513689
41 0.8194590399113951 0.6310299869621904 0.8542021863403871 0.6310299869621904 0.8542021863403871 0.6714471968709258 0.8194590399113951 0.6714471968709258
41 0.8218551189754636 0.741851368970013 0.8542021863403871 0.741851368970013 0.8542021863403871 0.7744458930899608 0.8218551189754636 0.7744458930899608
41 0.8170629608473267 0.848761408083442 0.8518061072763188 0.848761408083442 0.8518061072763188 0.8839634941329856 0.8170629608473267 0.8839634941329856
110 0.547504066139631 0.41460234680573665 0.5882374102287939 0.41460234680573665 0.5882374102287939 0.4576271186440678 0.547504066139631 0.4576271186440678
38 0.34263930616178223 0.36375488917861803 0.3833726502509451 0.36375488917861803 0.3833726502509451 0.40938722294654506 0.34263930616178223 0.40938722294654506
41 0.45525502217299735 0.12777053455019557 0.48640405000588666 0.12777053455019557 0.48640405000588666 0.16297262059973924 0.45525502217299735 0.16297262059973924
41 0.45405698264096317 0.23468057366362452 0.4876020895379207 0.23468057366362452 0.4876020895379207 0.2685788787483703 0.45405698264096317 0.2685788787483703
41 0.45405698264096317 0.34028683181225555 0.4876020895379207 0.34028683181225555 0.4876020895379207 0.3767926988265971 0.45405698264096317 0.3767926988265971
