10 0.4627755884545745 0.36390101892285304 0.5037810203429546 0.36390101892285304 0.5037810203429546 0.41339155749636103 0.4627755884545745 0.41339155749636103
10 0.46394717222281395 0.5938864628820961 0.5026094365747152 0.5938864628820961 0.5026094365747152 0.6433770014556041 0.46394717222281395 0.6433770014556041
41 0.31984236872936417 0.37991266375545846 0.37607838960485684 0.37991266375545846 0.37607838960485684 0.438136826783115 0.31984236872936417 0.438136826783115
41 0.31984236872936417 0.604075691411936 0.37256363830013856 0.604075691411936 0.37256363830013856 0.6652110625909753 0.31984236872936417 0.6652110625909753
41 0.5857918841197146 0.604075691411936 0.6396847374587284 0.604075691411936 0.6396847374587284 0.6652110625909753 0.5857918841197146 0.6652110625909753
41 0.5893066354244328 0.3726346433770015 0.6431994887634466 0.3726346433770015 0.6431994887634466 0.438136826783115 0.5893066354244328 0.438136826783115
81 0.8716583235701353 0.455604075691412 0.925551176909149 0.455604075691412 0.925551176909149 0.5211062590975255 0.8716583235701353 0.5211062590975255
91 0.8693151560336565 0.31004366812227074 0.9243795931409096 0.31004366812227074 0.9243795931409096 0.37554585152838427 0.8693151560336565 0.37554585152838427
115 0.8728299073383748 0.18777292576419213 0.9232080093726702 0.18777292576419213 0.9232080093726702 0.24890829694323144 0.8728299073383748 0.24890829694323144
0 0.46394717222281395 0.11062590975254731 0.5061241878794334 0.11062590975254731 0.5061241878794334 0.1644832605531296 0.46394717222281395 0.1644832605531296
113 0.14410480349344978 0.08151382823871907 0.17808073277239322 0.08151382823871907 0.17808073277239322 0.12809315866084423 0.14410480349344978 0.12809315866084423
57 0.8728299073383748 0.5836972343522562 0.925551176909149 0.5836972343522562 0.925551176909149 0.6491994177583698 0.8728299073383748 0.6491994177583698
57 0.8681435722654169 0.7307132459970888 0.9302375119821068 0.7307132459970888 0.9302375119821068 0.8064046579330423 0.8681435722654169 0.8064046579330423
9 0.6373415699222494 0.834061135371179 0.6842049206518266 0.834061135371179 0.6842049206518266 0.8893740902474527 0.6373415699222494 0.8893740902474527
9 0.264777931622111 0.834061135371179 0.3163276174246458 0.834061135371179 0.3163276174246458 0.8908296943231441 0.264777931622111 0.8908296943231441
