57 0.10938924339106655 0.321897009214476 0.14038286235186873 0.321897009214476 0.14038286235186873 0.38225269844219034 0.10938924339106655 0.38225269844219034
15 0.5670009115770281 0.7645053968843807 0.5834092980856881 0.7645053968843807 0.5834092980856881 0.7955977216380518 0.5670009115770281 0.7955977216380518
15 0.07019143117593436 0.029263364474043277 0.08659981768459436 0.029263364474043277 0.08659981768459436 0.06035568922771425 0.07019143117593436 0.06035568922771425
15 0.5679124886052871 0.25971235970713413 0.584320875113947 0.25971235970713413 0.584320875113947 0.29080468446080515 0.5679124886052871 0.29080468446080515
15 0.09298085688240657 0.25971235970713413 0.10938924339106655 0.25971235970713413 0.10938924339106655 0.29080468446080515 0.09298085688240657 0.29080468446080515
28 0.11030082041932542 0.05121088782957574 0.13855970829535097 0.05121088782957574 0.13855970829535097 0.1042507359387792 0.11030082041932542 0.1042507359387792
26 0.3272561531449407 0.05121088782957574 0.35460346399270737 0.05121088782957574 0.35460346399270737 0.10790865649803459 0.3272561531449407 0.10790865649803459
30 0.21513217866909748 0.04755296727032033 0.2452142206016408 0.04755296727032033 0.2452142206016408 0.10607969621840689 0.21513217866909748 0.10607969621840689
2 0.11121239744758432 0.4865034343809695 0.13947128532360983 0.4865034343809695 0.13947128532360983 0.5468591236086838 0.11121239744758432 0.5468591236086838
69 0.19598906107566086 0.48467447410134185 0.2260711030082042 0.48467447410134185 0.2260711030082042 0.5486880838883115 0.19598906107566086 0.5486880838883115
91 0.862351868732908 0.8138873244343288 0.8933454876937102 0.8138873244343288 0.8933454876937102 0.8687561328231598 0.862351868732908 0.8687561328231598
91 0.3992707383773929 0.6181885745141643 0.43026435733819507 0.6181885745141643 0.43026435733819507 0.6730573829029953 0.3992707383773929 0.6730573829029953
91 0.7930720145852326 0.8138873244343288 0.8240656335460347 0.8138873244343288 0.8240656335460347 0.8687561328231598 0.7930720145852326 0.8687561328231598
40 0.7228805834092981 0.8157162847139564 0.7502278942570647 0.8157162847139564 0.7502278942570647 0.8650982122639044 0.7228805834092981 0.8650982122639044
42 0.7675478577939836 0.4608979904661817 0.7994530537830447 0.4608979904661817 0.7994530537830447 0.5157667988550129 0.7675478577939836 0.5157667988550129
41 0.8723792160437557 0.4572400699069262 0.90154968094804 0.4572400699069262 0.90154968094804 0.5175957591346405 0.8723792160437557 0.5175957591346405
12 0.6809480401093893 0.620017534793792 0.7110300820419325 0.620017534793792 0.7110300820419325 0.6748863431826231 0.6809480401093893 0.6748863431826231
