40 0.04102512155591573 0.43760129659643443 0.07202188006482982 0.43760129659643443 0.07202188006482982 0.49270664505672607 0.04102512155591573 0.49270664505672607
86 0.04102512155591573 0.24635332252836303 0.07384521880064832 0.24635332252836303 0.07384521880064832 0.3014586709886548 0.04102512155591573 0.3014586709886548
69 0.9080226904376014 0.21717990275526738 0.9399311183144248 0.21717990275526738 0.9399311183144248 0.2722852512155592 0.9080226904376014 0.2722852512155592
91 0.23976904376012964 0.23662884927066452 0.26894246353322526 0.23662884927066452 0.26894246353322526 0.2901134521880065 0.23976904376012964 0.2901134521880065
49 0.8332658022690438 0.21393841166936792 0.8633508914100487 0.21393841166936792 0.8633508914100487 0.27228525121555913 0.8332658022690438 0.27228525121555913
91 0.48591977309562395 0.2965964343598055 0.5169165316045381 0.2965964343598055 0.5169165316045381 0.35170178282009723 0.48591977309562395 0.35170178282009723
91 0.48591977309562395 0.22366288492706643 0.5169165316045381 0.22366288492706643 0.5169165316045381 0.2787682333873582 0.48591977309562395 0.2787682333873582
55 0.7493922204213939 0.2171799027552674 0.7822123176661264 0.2171799027552674 0.7822123176661264 0.27228525121555913 0.7493922204213939 0.27228525121555913
49 0.3172609400324149 0.23824959481361424 0.34734602917341983 0.23824959481361424 0.34734602917341983 0.2965964343598055 0.3172609400324149 0.2965964343598055
69 0.16592382495948135 0.239870340356564 0.1978322528363047 0.239870340356564 0.1978322528363047 0.29497568881685576 0.16592382495948135 0.29497568881685576
66 0.16227714748784444 0.4294975688816856 0.195097244732577 0.4294975688816856 0.195097244732577 0.479740680713128 0.16227714748784444 0.479740680713128
65 0.3163492706645057 0.4311183144246354 0.348257698541329 0.4311183144246354 0.348257698541329 0.4846029173419773 0.3163492706645057 0.4846029173419773
102 0.23794570502431117 0.653160453808752 0.26894246353322526 0.653160453808752 0.26894246353322526 0.7098865478119936 0.23794570502431117 0.7098865478119936
103 0.3108792544570502 0.6564019448946516 0.34096434359805516 0.6564019448946516 0.34096434359805516 0.7115072933549432 0.3108792544570502 0.7115072933549432
50 0.16774716369529982 0.6547811993517016 0.19874392220421394 0.6547811993517016 0.19874392220421394 0.7115072933549431 0.16774716369529982 0.7115072933549431
8 0.6089951377633711 0.6499189627228525 0.639080226904376 0.6499189627228525 0.639080226904376 0.7017828200972447 0.6089951377633711 0.7017828200972447
24 0.7311588330632091 0.8427876823338736 0.7612439222042139 0.8427876823338736 0.7612439222042139 0.8978930307941653 0.7311588330632091 0.8978930307941653
104 0.3364059967585089 0.8411669367909238 0.367402755267423 0.8411669367909238 0.367402755267423 0.899513776337115 0.3364059967585089 0.899513776337115
55 0.21606564019448946 0.8476499189627229 0.24706239870340357 0.8476499189627229 0.24706239870340357 0.9011345218800647 0.21606564019448946 0.9011345218800647
87 0.8360008103727715 0.4392220421393841 0.8669975688816857 0.4392220421393841 0.8669975688816857 0.49270664505672607 0.8360008103727715 0.49270664505672607
