2 0.06947483341829716 0.1043024771838331 0.1350022331196456 0.1043024771838331 0.1350022331196456 0.21382007822685792 0.06947483341829716 0.21382007822685792
69 0.15552888844777885 0.10560625814863103 0.21947731466234782 0.10560625814863103 0.21947731466234782 0.21251629726206 0.15552888844777885 0.21251629726206
69 0.5234297108673979 0.10560625814863103 0.5857991635951874 0.10560625814863103 0.5857991635951874 0.21251629726206 0.5234297108673979 0.21251629726206
69 0.5234297108673979 0.3324641460234681 0.5857991635951871 0.3324641460234681 0.5857991635951871 0.4406779661016949 0.5234297108673979 0.4406779661016949
65 0.5234297108673979 0.5632333767926988 0.5842201901084078 0.5632333767926988 0.5842201901084078 0.6584093872229464 0.5234297108673979 0.6584093872229464
91 0.15710786193455833 0.7392438070404173 0.22026680140573757 0.7392438070404173 0.22026680140573757 0.8461538461538461 0.15710786193455833 0.8461538461538461
91 0.7302752376355098 0.33637548891786184 0.7934341771066891 0.33637548891786184 0.7934341771066891 0.4354628422425033 0.7302752376355098 0.4354628422425033
87 0.7318542111222893 0.7392438070404173 0.7926446903632992 0.7392438070404173 0.7926446903632992 0.8461538461538461 0.7318542111222893 0.8461538461538461
55 0.5210612506372286 0.741851368970013 0.5850096768517976 0.741851368970013 0.5850096768517976 0.8461538461538463 0.5210612506372286 0.8461538461538463
2 0.8676459309853247 0.1043024771838331 0.9300153837131143 0.1043024771838331 0.9300153837131143 0.20990873533246412 0.8676459309853247 0.20990873533246412
40 0.7302752376355098 0.10691003911342896 0.7918552036199096 0.10691003911342896 0.7918552036199096 0.20990873533246412 0.7302752376355098 0.20990873533246412
66 0.32211059130301406 0.10560625814863103 0.3844800440308035 0.10560625814863103 0.3844800440308035 0.21251629726206 0.32211059130301406 0.21251629726206
