85 0.7428571428571429 0.7920076660105666 0.7959183673469387 0.7920076660105666 0.7959183673469387 0.8826012638557962 0.7428571428571429 0.8826012638557962
94 0.8155102040816328 0.7961255568217134 0.8685714285714285 0.7961255568217134 0.8685714285714285 0.8839738941261782 0.8155102040816328 0.8839738941261782
91 0.5983673469387755 0.7961255568217134 0.6522448979591837 0.7961255568217134 0.6522448979591837 0.8839738941261782 0.5983673469387755 0.8839738941261782
41 0.4024489795918367 0.8071065989847718 0.4653061224489795 0.8071065989847718 0.4653061224489795 0.9045633481819124 0.4024489795918367 0.9045633481819124
45 0.483265306122449 0.4639490313892054 0.5355102040816325 0.4639490313892054 0.5355102040816325 0.5517973686936704 0.483265306122449 0.5517973686936704
113 0.26612244897959186 0.19903138920542834 0.31020408163265306 0.19903138920542834 0.31020408163265306 0.2731534238060706 0.26612244897959186 0.2731534238060706
41 0.32163265306122457 0.7206308919506889 0.3673469387755103 0.7206308919506889 0.3673469387755103 0.7974981870920956 0.32163265306122457 0.7974981870920956
86 0.4109916367980883 0.2852676649139724 0.4635603345280765 0.2852676649139724 0.4635603345280765 0.37165153527524575 0.4109916367980883 0.37165153527524575
102 0.5639187574671446 0.27924088326086033 0.6164874551971327 0.27924088326086033 0.6164874551971327 0.3696426080575417 0.5639187574671446 0.3696426080575417
62 0.6702508960573477 0.7975441054285003 0.7216248506571087 0.7975441054285003 0.7216248506571087 0.8839279757897736 0.6702508960573477 0.8839279757897736
